0.183125	0.002551020408163265
0.481922	0.007653061224489796
0.491541	0.012755102040816327
0.60052	0.017857142857142856
2.404612	0.02295918367346939
2.518457	0.02806122448979592
2.714772	0.03316326530612245
3.218243	0.03826530612244898
3.347581	0.04336734693877551
3.679327	0.04846938775510204
4.265809	0.05357142857142857
4.329327	0.058673469387755105
4.533516	0.06377551020408163
5.191902	0.06887755102040816
5.484476	0.07397959183673469
6.031075	0.07908163265306123
6.116747	0.08418367346938775
6.43037	0.08928571428571429
6.589723	0.09438775510204081
6.822602	0.09948979591836735
6.904922	0.10459183673469388
7.176826	0.1096938775510204
7.884517	0.11479591836734694
7.924925	0.11989795918367346
8.282304	0.125
8.498345	0.13010204081632654
8.81322	0.13520408163265307
8.828484	0.14030612244897958
8.951499	0.14540816326530612
9.068531	0.15051020408163265
9.164795	0.1556122448979592
9.262296	0.16071428571428573
9.294004	0.16581632653061223
9.297687	0.17091836734693877
9.565404	0.1760204081632653
9.644951	0.18112244897959184
9.907905	0.18622448979591838
9.974716	0.1913265306122449
10.06751	0.19642857142857142
10.1519	0.20153061224489796
10.21424	0.2066326530612245
10.77979	0.21173469387755103
11.48915	0.21683673469387754
11.87081	0.22193877551020408
12.11326	0.22704081632653061
12.38218	0.23214285714285715
12.39427	0.2372448979591837
12.58267	0.2423469387755102
13.50288	0.24744897959183673
13.64033	0.25255102040816324
14.23315	0.2576530612244898
14.43828	0.2627551020408163
14.4484	0.26785714285714285
14.51044	0.2729591836734694
14.53944	0.2780612244897959
14.55032	0.28316326530612246
14.74581	0.288265306122449
14.78975	0.29336734693877553
14.8644	0.29846938775510207
14.887	0.30357142857142855
15.08924	0.3086734693877551
15.32124	0.3137755102040816
15.53368	0.31887755102040816
15.87741	0.3239795918367347
16.45351	0.32908163265306123
16.50712	0.33418367346938777
16.52452	0.3392857142857143
16.60948	0.34438775510204084
16.71961	0.3494897959183674
16.7385	0.35459183673469385
17.63257	0.3596938775510204
17.71386	0.3647959183673469
17.81668	0.36989795918367346
18.2261	0.375
18.28047	0.38010204081632654
18.50874	0.3852040816326531
18.98003	0.3903061224489796
19.1449	0.39540816326530615
19.51236	0.4005102040816326
19.71148	0.40561224489795916
19.87545	0.4107142857142857
20.06861	0.41581632653061223
20.10163	0.42091836734693877
20.38186	0.4260204081632653
20.89259	0.43112244897959184
21.64813	0.4362244897959184
21.88063	0.4413265306122449
22.04121	0.44642857142857145
22.32811	0.45153061224489793
22.46841	0.45663265306122447
22.96242	0.461734693877551
22.99079	0.46683673469387754
23.18847	0.4719387755102041
23.82669	0.4770408163265306
25.13729	0.48214285714285715
25.24948	0.4872448979591837
25.26876	0.4923469387755102
25.57247	0.49744897959183676
25.66034	0.5025510204081632
26.14383	0.5076530612244898
26.18306	0.5127551020408163
27.49996	0.5178571428571429
27.50954	0.5229591836734694
27.6856	0.5280612244897959
28.03713	0.5331632653061225
28.30276	0.5382653061224489
28.70204	0.5433673469387755
28.74262	0.548469387755102
28.9358	0.5535714285714286
29.05155	0.5586734693877551
29.69049	0.5637755102040817
29.86881	0.5688775510204082
29.88546	0.5739795918367347
29.93729	0.5790816326530612
30.07989	0.5841836734693877
30.62898	0.5892857142857143
31.8396	0.5943877551020408
32.44061	0.5994897959183674
32.72646	0.6045918367346939
32.93264	0.6096938775510204
33.09656	0.6147959183673469
33.61971	0.6198979591836735
33.71128	0.625
33.85699	0.6301020408163265
35.01721	0.6352040816326531
35.32927	0.6403061224489796
37.52037	0.6454081632653061
38.05737	0.6505102040816326
38.43837	0.6556122448979592
38.60029	0.6607142857142857
38.81034	0.6658163265306123
38.88969	0.6709183673469388
40.24988	0.6760204081632653
40.33393	0.6811224489795918
41.54833	0.6862244897959183
43.02212	0.6913265306122449
45.95631	0.6964285714285714
47.31758	0.701530612244898
47.35228	0.7066326530612245
47.42251	0.7117346938775511
47.45422	0.7168367346938775
47.79453	0.7219387755102041
48.31978	0.7270408163265306
48.56415	0.7321428571428571
50.18789	0.7372448979591837
50.20019	0.7423469387755102
52.88792	0.7474489795918368
52.95488	0.7525510204081632
53.20958	0.7576530612244898
53.33627	0.7627551020408163
54.83524	0.7678571428571429
54.93717	0.7729591836734694
57.17545	0.7780612244897959
57.96929	0.7831632653061225
58.18123	0.7882653061224489
58.61643	0.7933673469387755
59.38218	0.798469387755102
63.2771	0.8035714285714286
64.14666	0.8086734693877551
65.25122	0.8137755102040817
65.55773	0.8188775510204082
66.80338	0.8239795918367347
67.42128	0.8290816326530612
68.06181	0.8341836734693877
70.14599	0.8392857142857143
71.39883	0.8443877551020408
72.23699	0.8494897959183674
72.27754	0.8545918367346939
72.6678	0.8596938775510204
73.04565	0.8647959183673469
74.10006	0.8698979591836735
74.98273	0.875
75.25263	0.8801020408163265
75.40169	0.8852040816326531
76.25052	0.8903061224489796
76.86254	0.8954081632653061
78.24902	0.9005102040816326
79.6036	0.9056122448979592
81.44917	0.9107142857142857
86.6259	0.9158163265306123
86.69288	0.9209183673469388
87.85019	0.9260204081632653
93.65159	0.9311224489795918
96.36894	0.9362244897959183
98.12222	0.9413265306122449
99.38173	0.9464285714285714
102.8266	0.951530612244898
108.7399	0.9566326530612245
116.5627	0.9617346938775511
117.6481	0.9668367346938775
120.4763	0.9719387755102041
120.9914	0.9770408163265306
125.9877	0.9821428571428571
138.1983	0.9872448979591837
139.4709	0.9923469387755102
145.4811	0.9974489795918368
