0.368252
0.380918
0.859288
0.860725
1.04479
1.050877
1.146484
1.71723
2.204022
2.294862
2.499536
2.786679
3.850997
4.91243
4.914269
5.675304
6.848742
7.054799
7.232249
9.147224
9.431114
9.707619
9.920445
10.04782
10.52128
12.80479
13.18679
13.87756
14.10001
14.20647
15.04665
15.64309
15.78905
16.20468
17.26444
18.15531
18.54316
18.64277
20.73012
20.78692
20.82609
21.47483
21.75526
23.28574
24.40498
26.76391
28.39668
28.80390
28.89434
28.95538
29.82011
30.36585
30.89876
33.61588
34.60078
35.20935
36.47300
36.78961
36.94341
37.25364
37.33639
38.35689
39.27745
41.35860
43.11022
43.14013
43.33824
43.65384
44.05273
44.57716
44.71056
45.27695
45.27917
45.34238
45.81179
45.86609
45.99121
46.99353
47.38221
48.35054
48.36003
48.57701
48.60438
49.07176
49.30044
49.63047
50.05601
50.34513
50.81987
51.69819
52.01787
52.43860
52.66442
52.69919
53.95735
54.0232	
55.12812
56.10192
56.67991
57.85160
58.07000
58.31231
59.38854
59.90242
59.99576
62.88943
64.06762
64.33649
64.62947
66.54727
69.30164
69.55407
69.77651
70.12187
70.4717
70.95003
70.95612
71.04977
71.68637
71.79081
71.97119
72.41368
72.60694
72.84157
74.38982
74.62916
75.20515
78.07814
78.91227
79.86966
80.48279
81.37037
82.68212
83.34825
83.37140
83.46934
86.12929
88.11304
89.32337
90.95997
91.68042
92.57215
93.07271
95.68455
97.43473
97.72970
98.23082
99.15081
101.9072
103.0034
103.9076
103.9515
105.3119
106.0888
107.6890
110.9807
111.5296
114.1551
119.8078
120.5289
120.9573
123.7579
124.0280
125.5620
126.3476
129.0042
129.0375
131.5411
131.7135
132.0658
132.2634
136.6559
138.6291
140.2921
146.8292
148.8316