0.173527	0.002551020408163265
0.286635	0.007653061224489796
0.37382	0.012755102040816327
0.383079	0.017857142857142856
0.767186	0.02295918367346939
0.958834	0.02806122448979592
0.974151	0.03316326530612245
1.15923	0.03826530612244898
1.266884	0.04336734693877551
1.458738	0.04846938775510204
1.551146	0.05357142857142857
2.251753	0.058673469387755105
2.28341	0.06377551020408163
2.952077	0.06887755102040816
3.868154	0.07397959183673469
4.096941	0.07908163265306123
4.142993	0.08418367346938775
4.287119	0.08928571428571429
5.053046	0.09438775510204081
6.253228	0.09948979591836735
6.588173	0.10459183673469388
6.661524	0.1096938775510204
7.173686	0.11479591836734694
7.975204	0.11989795918367346
11.333175	0.125
13.031892	0.13010204081632654
13.352769	0.13520408163265307
14.10976	0.14030612244897958
14.131607	0.14540816326530612
14.449823	0.15051020408163265
15.359217	0.1556122448979592
16.27555	0.16071428571428573
16.471041	0.16581632653061223
16.707012	0.17091836734693877
20.116216	0.1760204081632653
20.887436	0.18112244897959184
21.984632	0.18622448979591838
22.506226	0.1913265306122449
22.880997	0.19642857142857142
23.3068	0.20153061224489796
25.019857	0.2066326530612245
26.20117	0.21173469387755103
26.629419	0.21683673469387754
27.316435	0.22193877551020408
28.249398	0.22704081632653061
28.741039	0.23214285714285715
29.514783	0.2372448979591837
29.520583	0.2423469387755102
30.419234	0.24744897959183673
30.570906	0.25255102040816324
31.628042	0.2576530612244898
31.753099	0.2627551020408163
32.227303	0.26785714285714285
32.417902	0.2729591836734694
33.072449	0.2780612244897959
33.288356	0.28316326530612246
33.408756	0.288265306122449
33.432707	0.29336734693877553
33.751145	0.29846938775510207
34.878383	0.30357142857142855
35.542057	0.3086734693877551
35.771571	0.3137755102040816
36.367589	0.31887755102040816
37.394069	0.3239795918367347
38.957503	0.32908163265306123
40.162028	0.33418367346938777
40.352086	0.3392857142857143
40.78041	0.34438775510204084
41.110383	0.3494897959183674
41.136318	0.35459183673469385
42.290463	0.3596938775510204
42.888505	0.3647959183673469
43.001721	0.36989795918367346
43.007287	0.375
43.630305	0.38010204081632654
45.37574	0.3852040816326531
46.227562	0.3903061224489796
48.576799	0.39540816326530615
48.746265	0.4005102040816326
48.918599	0.40561224489795916
49.391816	0.4107142857142857
49.622903	0.41581632653061223
49.699435	0.42091836734693877
50.633991	0.4260204081632653
51.013703	0.43112244897959184
51.112695	0.4362244897959184
51.341699	0.4413265306122449
51.499953	0.44642857142857145
52.59041	0.45153061224489793
52.626007	0.45663265306122447
52.741356	0.461734693877551
52.958624	0.46683673469387754
53.308314	0.4719387755102041
54.085226	0.4770408163265306
55.485103	0.48214285714285715
57.94888	0.4872448979591837
57.989147	0.4923469387755102
60.149879	0.49744897959183676
60.797995	0.5025510204081632
61.335211	0.5076530612244898
61.424152	0.5127551020408163
61.840193	0.5178571428571429
61.921995	0.5229591836734694
63.189067	0.5280612244897959
63.59528	0.5331632653061225
63.943251	0.5382653061224489
64.272961	0.5433673469387755
64.57185	0.548469387755102
65.042458	0.5535714285714286
65.062417	0.5586734693877551
65.086026	0.5637755102040817
65.194278	0.5688775510204082
65.644405	0.5739795918367347
65.940649	0.5790816326530612
66.392028	0.5841836734693877
67.07229	0.5892857142857143
67.244532	0.5943877551020408
68.351305	0.5994897959183674
68.663641	0.6045918367346939
69.926555	0.6096938775510204
70.045759	0.6147959183673469
70.693567	0.6198979591836735
72.504659	0.625
73.901612	0.6301020408163265
75.178238	0.6352040816326531
75.449305	0.6403061224489796
76.748016	0.6454081632653061
77.446611	0.6505102040816326
77.653943	0.6556122448979592
79.454964	0.6607142857142857
79.627211	0.6658163265306123
79.934032	0.6709183673469388
80.571362	0.6760204081632653
82.030633	0.6811224489795918
87.160735	0.6862244897959183
87.277956	0.6913265306122449
88.244395	0.6964285714285714
90.265893	0.701530612244898
96.790805	0.7066326530612245
96.830155	0.7117346938775511
97.328374	0.7168367346938775
99.124896	0.7219387755102041
99.191392	0.7270408163265306
100.311805	0.7321428571428571
102.64965	0.7372448979591837
103.349168	0.7423469387755102
104.379075	0.7474489795918368
110.996777	0.7525510204081632
111.449246	0.7576530612244898
112.195956	0.7627551020408163
112.82817	0.7678571428571429
113.190969	0.7729591836734694
113.980941	0.7780612244897959
114.581404	0.7831632653061225
115.76789	0.7882653061224489
116.813819	0.7933673469387755
117.225122	0.798469387755102
119.396956	0.8035714285714286
119.483604	0.8086734693877551
120.528258	0.8137755102040817
123.828617	0.8188775510204082
124.063175	0.8239795918367347
124.629946	0.8290816326530612
129.186331	0.8341836734693877
129.193546	0.8392857142857143
132.530123	0.8443877551020408
134.338115	0.8494897959183674
134.73776	0.8545918367346939
134.945921	0.8596938775510204
135.221731	0.8647959183673469
135.732925	0.8698979591836735
136.129816	0.875
136.323786	0.8801020408163265
140.860052	0.8852040816326531
141.089153	0.8903061224489796
141.884578	0.8954081632653061
145.805091	0.9005102040816326
