0.274482
0.277558
0.369658
0.567507
1.623936
1.944623
2.318703
2.533523
2.700651
4.796519
4.919106
5.680722
5.902595
6.433803
7.319761
7.337355
7.462371
7.553524
7.812939
7.954685
8.183242
8.230868
8.70002
9.165341
9.511196
9.627468
9.746502
13.124602
13.870194
13.876899
14.081151
15.250426
17.524696
17.528756
17.882823
18.726332
19.003362
19.07269
19.717905
19.740365
20.001738
20.558313
20.909476
21.857019
21.927969
23.980157
24.105151
24.154953
24.20451
25.479155
27.305337
27.697657
27.874277
28.46056
28.474353
29.969019
30.108483
30.673146
31.057994
31.950953
33.058621
33.426099
33.451882
33.510473
34.046315
34.396103
34.691381
35.409528
35.675952
36.58737
36.911202
37.649135
37.70934
38.819708
39.053891
40.823801
40.951742
40.976628
41.646815
41.83104
42.200864
42.499914
42.643901
42.822009
44.796274
45.145104
45.666191
46.241408
46.415318
46.737093
46.818508
48.081284
49.799158
50.167924
51.158628
51.700761
51.877977
55.57733
55.627727
55.817396
56.02626
58.45467
59.715795
59.939002
60.114187
60.494106
60.806898
60.834118
60.94514
61.211027
61.501048
61.57278
61.873631
61.997986
62.468724
62.793972
63.799571
63.928822
64.181395
64.76513
65.193782
66.9474
66.99653
68.585237
68.63551
69.797452
70.281318
70.653538
73.997746
75.685633
77.280453
78.639132
79.78133
80.019654
81.470512
83.232842
84.833055
85.673006
85.914343
88.035593
90.212669
90.637942
91.282402
92.328614
92.808877
96.349936
97.136156
97.988227
99.706017
102.567932
104.133215
104.911665
105.694047
106.152483
108.222491
109.465072
109.494306
113.122622
114.564185
115.238808
115.375752
115.577223
115.748303
116.858858
117.264504
118.290473
119.928442
123.12508
125.631594
128.203098
128.326251
129.659562
134.483338
135.65126
138.616755
138.749921
141.791179
148.182279
149.795171