0.48907
0.624259
0.821138
0.923597
1.231797
2.093004
2.572731
3.654952
3.856472
4.157494
4.630727
4.736195
5.103162
5.211628
5.494748
5.581048
5.847103
6.021313
6.027976
6.157724
7.217377
7.576227
7.894772
8.207623
8.802485
8.914402
9.570632
9.735457
9.972412
10.44440
10.51092
10.72000
11.15545
11.29154
11.47684
11.59633
11.72413
11.85902
11.88366
12.37685
12.61527
12.91380
13.04315
13.20103
13.34281
13.36833
13.52765
13.82281
14.13990
14.15972
14.51754
14.77183
14.99340
15.04285
15.21610
15.80964
16.25485
16.37500
16.69872
16.77363
17.72955
17.90249
18.51050
18.65652
18.72727
18.93292
19.88436
20.25989
20.95470
21.52083
21.91571
22.04279
23.00614
23.26438
23.68617
24.03686
25.11524
25.22481
25.42447
25.61722
26.10388
26.18252
27.06612
27.21452
28.09376
28.32603
28.53054
28.89337
29.11066
29.28634
29.39218
30.72387
31.27992
31.82617
31.84471
32.16528
32.25123
32.73166
33.32827
33.34106
33.92536
34.17527
34.68076
35.16040
35.28589
35.95519
36.50196
36.58495
36.89472
37.19572
37.45063
37.48669
39.12806
39.24867
39.98656
40.88986
41.61508
41.76142
41.91039
42.05875
42.18054
42.30067
43.53970
45.12180
45.24463
45.66658
46.78855
47.20866
48.48250
48.95563
50.45015
50.64928
50.90392
51.16913
54.17104
55.00466
55.10220
55.58529
56.23711
56.35059
57.96082
59.26700
60.59258
62.26644
63.89644
63.99609
65.90239
66.30618
67.15788
68.38845
68.86867
68.93531
70.98012
72.01086
72.78212
72.82312
73.12011
73.65647
74.506
76.81763
76.96952
79.04680
82.03696
82.80783
84.64753
85.45221
85.49377
87.06576
87.98392
89.08461
91.76777
92.46787
93.51134
94.49323
99.42057
99.50159
99.73186
101.3450
101.7653
101.7661
103.9415
106.8106
107.3453
108.1536
111.0996
117.4667
123.7675
130.0623
133.8061
135.6038
135.6384
138.8917