0.183125
0.481922
0.491541
0.60052
2.404612
2.518457
2.714772
3.218243
3.347581
3.679327
4.265809
4.329327
4.533516
5.191902
5.484476
6.031075
6.116747
6.43037
6.589723
6.822602
6.904922
7.176826
7.884517
7.924925
8.282304
8.498345
8.81322
8.828484
8.951499
9.068531
9.164795
9.262296
9.294004
9.297687
9.565404
9.644951
9.907905
9.974716
10.06751
10.15190
10.21424
10.77979
11.48915
11.87081
12.11326
12.38218
12.39427
12.58267
13.50288
13.64033
14.23315
14.43828
14.44840
14.51044
14.53944
14.55032
14.74581
14.78975
14.86440
14.88700
15.08924
15.32124
15.53368
15.87741
16.45351
16.50712
16.52452
16.60948
16.71961
16.73850
17.63257
17.71386
17.81668
18.22610
18.28047
18.50874
18.98003
19.14490
19.51236
19.71148
19.87545
20.06861
20.10163
20.38186
20.89259
21.64813
21.88063
22.04121
22.32811
22.46841
22.96242
22.99079
23.18847
23.82669
25.13729
25.24948
25.26876
25.57247
25.66034
26.14383
26.18306
27.49996
27.50954
27.68560
28.03713
28.30276
28.70204
28.74262
28.9358
29.05155
29.69049
29.86881
29.88546
29.93729
30.07989
30.62898
31.83960
32.44061
32.72646
32.93264
33.09656
33.61971
33.71128
33.85699
35.01721
35.32927
37.52037
38.05737
38.43837
38.60029
38.81034
38.88969
40.24988
40.33393
41.54833
43.02212
45.95631
47.31758
47.35228
47.42251
47.45422
47.79453
48.31978
48.56415
50.18789
50.20019
52.88792
52.95488
53.20958
53.33627
54.83524
54.93717
57.17545
57.96929
58.18123
58.61643
59.38218
63.27710
64.14666
65.25122
65.55773
66.80338
67.42128
68.06181
70.14599
71.39883
72.23699
72.27754
72.66780
73.04565
74.10006
74.98273
75.25263
75.40169
76.25052
76.86254
78.24902
79.60360
81.44917
86.62590
86.69288
87.85019
93.65159
96.36894
98.12222
99.38173
102.8266
108.7399
116.5627
117.6481
120.4763
120.9914
125.9877
138.1983
139.4709
145.4811