0.269729	0.002551020408163265
0.370296	0.007653061224489796
1.339697	0.012755102040816327
1.832014	0.017857142857142856
2.092429	0.02295918367346939
2.138252	0.02806122448979592
2.142763	0.03316326530612245
3.555323	0.03826530612244898
3.598037	0.04336734693877551
3.753093	0.04846938775510204
4.658627	0.05357142857142857
5.286769	0.058673469387755105
5.297808	0.06377551020408163
5.307172	0.06887755102040816
5.988509	0.07397959183673469
6.454612	0.07908163265306123
6.827884	0.08418367346938775
7.331988	0.08928571428571429
7.374739	0.09438775510204081
7.485465	0.09948979591836735
7.909278	0.10459183673469388
8.299459	0.1096938775510204
8.513207	0.11479591836734694
10.14934	0.11989795918367346
10.77534	0.125
10.99449	0.13010204081632654
11.43056	0.13520408163265307
12.07654	0.14030612244897958
12.22404	0.14540816326530612
12.80314	0.15051020408163265
12.90683	0.1556122448979592
12.95935	0.16071428571428573
12.99922	0.16581632653061223
13.77985	0.17091836734693877
15.03782	0.1760204081632653
15.24257	0.18112244897959184
15.25914	0.18622448979591838
15.44995	0.1913265306122449
15.76205	0.19642857142857142
15.98224	0.20153061224489796
16.25289	0.2066326530612245
16.77808	0.21173469387755103
17.49547	0.21683673469387754
17.55506	0.22193877551020408
17.75722	0.22704081632653061
17.79904	0.23214285714285715
17.95582	0.2372448979591837
18.39725	0.2423469387755102
18.50433	0.24744897959183673
19.65724	0.25255102040816324
19.8982	0.2576530612244898
19.92317	0.2627551020408163
20.50934	0.26785714285714285
20.74983	0.2729591836734694
20.85226	0.2780612244897959
20.86073	0.28316326530612246
20.90952	0.288265306122449
21.2093	0.29336734693877553
21.33919	0.29846938775510207
21.79614	0.30357142857142855
21.90488	0.3086734693877551
22.66035	0.3137755102040816
23.04353	0.31887755102040816
24.28098	0.3239795918367347
24.49645	0.32908163265306123
25.0568	0.33418367346938777
25.65353	0.3392857142857143
26.4549	0.34438775510204084
27.69812	0.3494897959183674
28.08953	0.35459183673469385
29.18193	0.3596938775510204
29.22776	0.3647959183673469
30.87545	0.36989795918367346
31.00374	0.375
31.69758	0.38010204081632654
31.73675	0.3852040816326531
32.70641	0.3903061224489796
32.94553	0.39540816326530615
33.44662	0.4005102040816326
33.46305	0.40561224489795916
33.66994	0.4107142857142857
33.78459	0.41581632653061223
34.5834	0.42091836734693877
34.76432	0.4260204081632653
35.06305	0.43112244897959184
35.85448	0.4362244897959184
36.21275	0.4413265306122449
36.22444	0.44642857142857145
36.28455	0.45153061224489793
37.06675	0.45663265306122447
37.10105	0.461734693877551
37.20122	0.46683673469387754
37.22278	0.4719387755102041
37.2996	0.4770408163265306
38.08625	0.48214285714285715
38.47175	0.4872448979591837
39.60965	0.4923469387755102
39.9615	0.49744897959183676
41.26718	0.5025510204081632
41.67549	0.5076530612244898
41.9066	0.5127551020408163
43.08621	0.5178571428571429
43.11054	0.5229591836734694
43.60719	0.5280612244897959
43.6934	0.5331632653061225
43.82088	0.5382653061224489
45.01648	0.5433673469387755
45.60419	0.548469387755102
45.76352	0.5535714285714286
45.90069	0.5586734693877551
46.23232	0.5637755102040817
46.48585	0.5688775510204082
47.81565	0.5739795918367347
48.75218	0.5790816326530612
48.86309	0.5841836734693877
49.057	0.5892857142857143
50.00854	0.5943877551020408
50.02504	0.5994897959183674
51.07028	0.6045918367346939
51.27802	0.6096938775510204
52.04244	0.6147959183673469
52.11028	0.6198979591836735
52.80128	0.625
53.09462	0.6301020408163265
53.4139	0.6352040816326531
53.55886	0.6403061224489796
54.74272	0.6454081632653061
54.88186	0.6505102040816326
55.35395	0.6556122448979592
55.62769	0.6607142857142857
58.39835	0.6658163265306123
59.67034	0.6709183673469388
60.85585	0.6760204081632653
62.70836	0.6811224489795918
63.76769	0.6862244897959183
64.90508	0.6913265306122449
65.20911	0.6964285714285714
67.66998	0.701530612244898
68.14595	0.7066326530612245
68.45667	0.7117346938775511
69.53278	0.7168367346938775
69.55927	0.7219387755102041
70.44467	0.7270408163265306
71.99485	0.7321428571428571
72.15245	0.7372448979591837
76.52399	0.7423469387755102
76.76464	0.7474489795918368
78.14198	0.7525510204081632
79.00177	0.7576530612244898
81.1629	0.7627551020408163
81.9136	0.7678571428571429
83.76487	0.7729591836734694
85.54452	0.7780612244897959
88.61663	0.7831632653061225
89.2108	0.7882653061224489
94.00541	0.7933673469387755
96.22777	0.798469387755102
97.20455	0.8035714285714286
97.64605	0.8086734693877551
98.04656	0.8137755102040817
98.74907	0.8188775510204082
99.67059	0.8239795918367347
100.2148	0.8290816326530612
101.1841	0.8341836734693877
101.845	0.8392857142857143
101.8732	0.8443877551020408
102.4724	0.8494897959183674
102.5362	0.8545918367346939
102.6374	0.8596938775510204
102.6493	0.8647959183673469
102.7224	0.8698979591836735
110.2227	0.875
112.8566	0.8801020408163265
115.0102	0.8852040816326531
118.5484	0.8903061224489796
119.9096	0.8954081632653061
120.1958	0.9005102040816326
120.968	0.9056122448979592
121.6874	0.9107142857142857
124.5806	0.9158163265306123
128.1614	0.9209183673469388
128.581	0.9260204081632653
129.3244	0.9311224489795918
129.6893	0.9362244897959183
133.8526	0.9413265306122449
136.757	0.9464285714285714
