0.173527
0.286635
0.37382
0.383079
0.767186
0.958834
0.974151
1.15923
1.266884
1.458738
1.551146
2.251753
2.28341
2.952077
3.868154
4.096941
4.142993
4.287119
5.053046
6.253228
6.588173
6.661524
7.173686
7.975204
11.333175
13.031892
13.352769
14.10976
14.131607
14.449823
15.359217
16.27555
16.471041
16.707012
20.116216
20.887436
21.984632
22.506226
22.880997
23.3068
25.019857
26.20117
26.629419
27.316435
28.249398
28.741039
29.514783
29.520583
30.419234
30.570906
31.628042
31.753099
32.227303
32.417902
33.072449
33.288356
33.408756
33.432707
33.751145
34.878383
35.542057
35.771571
36.367589
37.394069
38.957503
40.162028
40.352086
40.78041
41.110383
41.136318
42.290463
42.888505
43.001721
43.007287
43.630305
45.37574
46.227562
48.576799
48.746265
48.918599
49.391816
49.622903
49.699435
50.633991
51.013703
51.112695
51.341699
51.499953
52.59041
52.626007
52.741356
52.958624
53.308314
54.085226
55.485103
57.94888
57.989147
60.149879
60.797995
61.335211
61.424152
61.840193
61.921995
63.189067
63.59528
63.943251
64.272961
64.57185
65.042458
65.062417
65.086026
65.194278
65.644405
65.940649
66.392028
67.07229
67.244532
68.351305
68.663641
69.926555
70.045759
70.693567
72.504659
73.901612
75.178238
75.449305
76.748016
77.446611
77.653943
79.454964
79.627211
79.934032
80.571362
82.030633
87.160735
87.277956
88.244395
90.265893
96.790805
96.830155
97.328374
99.124896
99.191392
100.311805
102.64965
103.349168
104.379075
110.996777
111.449246
112.195956
112.82817
113.190969
113.980941
114.581404
115.76789
116.813819
117.225122
119.396956
119.483604
120.528258
123.828617
124.063175
124.629946
129.186331
129.193546
132.530123
134.338115
134.73776
134.945921
135.221731
135.732925
136.129816
136.323786
140.860052
141.089153
141.884578
145.805091