0.274482	0.002551020408163265
0.277558	0.007653061224489796
0.369658	0.012755102040816327
0.567507	0.017857142857142856
1.623936	0.02295918367346939
1.944623	0.02806122448979592
2.318703	0.03316326530612245
2.533523	0.03826530612244898
2.700651	0.04336734693877551
4.796519	0.04846938775510204
4.919106	0.05357142857142857
5.680722	0.058673469387755105
5.902595	0.06377551020408163
6.433803	0.06887755102040816
7.319761	0.07397959183673469
7.337355	0.07908163265306123
7.462371	0.08418367346938775
7.553524	0.08928571428571429
7.812939	0.09438775510204081
7.954685	0.09948979591836735
8.183242	0.10459183673469388
8.230868	0.1096938775510204
8.70002	0.11479591836734694
9.165341	0.11989795918367346
9.511196	0.125
9.627468	0.13010204081632654
9.746502	0.13520408163265307
13.124602	0.14030612244897958
13.870194	0.14540816326530612
13.876899	0.15051020408163265
14.081151	0.1556122448979592
15.250426	0.16071428571428573
17.524696	0.16581632653061223
17.528756	0.17091836734693877
17.882823	0.1760204081632653
18.726332	0.18112244897959184
19.003362	0.18622448979591838
19.07269	0.1913265306122449
19.717905	0.19642857142857142
19.740365	0.20153061224489796
20.001738	0.2066326530612245
20.558313	0.21173469387755103
20.909476	0.21683673469387754
21.857019	0.22193877551020408
21.927969	0.22704081632653061
23.980157	0.23214285714285715
24.105151	0.2372448979591837
24.154953	0.2423469387755102
24.20451	0.24744897959183673
25.479155	0.25255102040816324
27.305337	0.2576530612244898
27.697657	0.2627551020408163
27.874277	0.26785714285714285
28.46056	0.2729591836734694
28.474353	0.2780612244897959
29.969019	0.28316326530612246
30.108483	0.288265306122449
30.673146	0.29336734693877553
31.057994	0.29846938775510207
31.950953	0.30357142857142855
33.058621	0.3086734693877551
33.426099	0.3137755102040816
33.451882	0.31887755102040816
33.510473	0.3239795918367347
34.046315	0.32908163265306123
34.396103	0.33418367346938777
34.691381	0.3392857142857143
35.409528	0.34438775510204084
35.675952	0.3494897959183674
36.58737	0.35459183673469385
36.911202	0.3596938775510204
37.649135	0.3647959183673469
37.70934	0.36989795918367346
38.819708	0.375
39.053891	0.38010204081632654
40.823801	0.3852040816326531
40.951742	0.3903061224489796
40.976628	0.39540816326530615
41.646815	0.4005102040816326
41.83104	0.40561224489795916
42.200864	0.4107142857142857
42.499914	0.41581632653061223
42.643901	0.42091836734693877
42.822009	0.4260204081632653
44.796274	0.43112244897959184
45.145104	0.4362244897959184
45.666191	0.4413265306122449
46.241408	0.44642857142857145
46.415318	0.45153061224489793
46.737093	0.45663265306122447
46.818508	0.461734693877551
48.081284	0.46683673469387754
49.799158	0.4719387755102041
50.167924	0.4770408163265306
51.158628	0.48214285714285715
51.700761	0.4872448979591837
51.877977	0.4923469387755102
55.57733	0.49744897959183676
55.627727	0.5025510204081632
55.817396	0.5076530612244898
56.02626	0.5127551020408163
58.45467	0.5178571428571429
59.715795	0.5229591836734694
59.939002	0.5280612244897959
60.114187	0.5331632653061225
60.494106	0.5382653061224489
60.806898	0.5433673469387755
60.834118	0.548469387755102
60.94514	0.5535714285714286
61.211027	0.5586734693877551
61.501048	0.5637755102040817
61.57278	0.5688775510204082
61.873631	0.5739795918367347
61.997986	0.5790816326530612
62.468724	0.5841836734693877
62.793972	0.5892857142857143
63.799571	0.5943877551020408
63.928822	0.5994897959183674
64.181395	0.6045918367346939
64.76513	0.6096938775510204
65.193782	0.6147959183673469
66.9474	0.6198979591836735
66.99653	0.625
68.585237	0.6301020408163265
68.63551	0.6352040816326531
69.797452	0.6403061224489796
70.281318	0.6454081632653061
70.653538	0.6505102040816326
73.997746	0.6556122448979592
75.685633	0.6607142857142857
77.280453	0.6658163265306123
78.639132	0.6709183673469388
79.78133	0.6760204081632653
80.019654	0.6811224489795918
81.470512	0.6862244897959183
83.232842	0.6913265306122449
84.833055	0.6964285714285714
85.673006	0.701530612244898
85.914343	0.7066326530612245
88.035593	0.7117346938775511
90.212669	0.7168367346938775
90.637942	0.7219387755102041
91.282402	0.7270408163265306
92.328614	0.7321428571428571
92.808877	0.7372448979591837
96.349936	0.7423469387755102
97.136156	0.7474489795918368
97.988227	0.7525510204081632
99.706017	0.7576530612244898
102.567932	0.7627551020408163
104.133215	0.7678571428571429
104.911665	0.7729591836734694
105.694047	0.7780612244897959
106.152483	0.7831632653061225
108.222491	0.7882653061224489
109.465072	0.7933673469387755
109.494306	0.798469387755102
113.122622	0.8035714285714286
114.564185	0.8086734693877551
115.238808	0.8137755102040817
115.375752	0.8188775510204082
115.577223	0.8239795918367347
115.748303	0.8290816326530612
116.858858	0.8341836734693877
117.264504	0.8392857142857143
118.290473	0.8443877551020408
119.928442	0.8494897959183674
123.12508	0.8545918367346939
125.631594	0.8596938775510204
128.203098	0.8647959183673469
128.326251	0.8698979591836735
129.659562	0.875
134.483338	0.8801020408163265
135.65126	0.8852040816326531
138.616755	0.8903061224489796
138.749921	0.8954081632653061
141.791179	0.9005102040816326
148.182279	0.9056122448979592
149.795171	0.9107142857142857
