0.48907	0.002551020408163265
0.624259	0.007653061224489796
0.821138	0.012755102040816327
0.923597	0.017857142857142856
1.231797	0.02295918367346939
2.093004	0.02806122448979592
2.572731	0.03316326530612245
3.654952	0.03826530612244898
3.856472	0.04336734693877551
4.157494	0.04846938775510204
4.630727	0.05357142857142857
4.736195	0.058673469387755105
5.103162	0.06377551020408163
5.211628	0.06887755102040816
5.494748	0.07397959183673469
5.581048	0.07908163265306123
5.847103	0.08418367346938775
6.021313	0.08928571428571429
6.027976	0.09438775510204081
6.157724	0.09948979591836735
7.217377	0.10459183673469388
7.576227	0.1096938775510204
7.894772	0.11479591836734694
8.207623	0.11989795918367346
8.802485	0.125
8.914402	0.13010204081632654
9.570632	0.13520408163265307
9.735457	0.14030612244897958
9.972412	0.14540816326530612
10.4444	0.15051020408163265
10.51092	0.1556122448979592
10.72	0.16071428571428573
11.15545	0.16581632653061223
11.29154	0.17091836734693877
11.47684	0.1760204081632653
11.59633	0.18112244897959184
11.72413	0.18622448979591838
11.85902	0.1913265306122449
11.88366	0.19642857142857142
12.37685	0.20153061224489796
12.61527	0.2066326530612245
12.9138	0.21173469387755103
13.04315	0.21683673469387754
13.20103	0.22193877551020408
13.34281	0.22704081632653061
13.36833	0.23214285714285715
13.52765	0.2372448979591837
13.82281	0.2423469387755102
14.1399	0.24744897959183673
14.15972	0.25255102040816324
14.51754	0.2576530612244898
14.77183	0.2627551020408163
14.9934	0.26785714285714285
15.04285	0.2729591836734694
15.2161	0.2780612244897959
15.80964	0.28316326530612246
16.25485	0.288265306122449
16.375	0.29336734693877553
16.69872	0.29846938775510207
16.77363	0.30357142857142855
17.72955	0.3086734693877551
17.90249	0.3137755102040816
18.5105	0.31887755102040816
18.65652	0.3239795918367347
18.72727	0.32908163265306123
18.93292	0.33418367346938777
19.88436	0.3392857142857143
20.25989	0.34438775510204084
20.9547	0.3494897959183674
21.52083	0.35459183673469385
21.91571	0.3596938775510204
22.04279	0.3647959183673469
23.00614	0.36989795918367346
23.26438	0.375
23.68617	0.38010204081632654
24.03686	0.3852040816326531
25.11524	0.3903061224489796
25.22481	0.39540816326530615
25.42447	0.4005102040816326
25.61722	0.40561224489795916
26.10388	0.4107142857142857
26.18252	0.41581632653061223
27.06612	0.42091836734693877
27.21452	0.4260204081632653
28.09376	0.43112244897959184
28.32603	0.4362244897959184
28.53054	0.4413265306122449
28.89337	0.44642857142857145
29.11066	0.45153061224489793
29.28634	0.45663265306122447
29.39218	0.461734693877551
30.72387	0.46683673469387754
31.27992	0.4719387755102041
31.82617	0.4770408163265306
31.84471	0.48214285714285715
32.16528	0.4872448979591837
32.25123	0.4923469387755102
32.73166	0.49744897959183676
33.32827	0.5025510204081632
33.34106	0.5076530612244898
33.92536	0.5127551020408163
34.17527	0.5178571428571429
34.68076	0.5229591836734694
35.1604	0.5280612244897959
35.28589	0.5331632653061225
35.95519	0.5382653061224489
36.50196	0.5433673469387755
36.58495	0.548469387755102
36.89472	0.5535714285714286
37.19572	0.5586734693877551
37.45063	0.5637755102040817
37.48669	0.5688775510204082
39.12806	0.5739795918367347
39.24867	0.5790816326530612
39.98656	0.5841836734693877
40.88986	0.5892857142857143
41.61508	0.5943877551020408
41.76142	0.5994897959183674
41.91039	0.6045918367346939
42.05875	0.6096938775510204
42.18054	0.6147959183673469
42.30067	0.6198979591836735
43.5397	0.625
45.1218	0.6301020408163265
45.24463	0.6352040816326531
45.66658	0.6403061224489796
46.78855	0.6454081632653061
47.20866	0.6505102040816326
48.4825	0.6556122448979592
48.95563	0.6607142857142857
50.45015	0.6658163265306123
50.64928	0.6709183673469388
50.90392	0.6760204081632653
51.16913	0.6811224489795918
54.17104	0.6862244897959183
55.00466	0.6913265306122449
55.1022	0.6964285714285714
55.58529	0.701530612244898
56.23711	0.7066326530612245
56.35059	0.7117346938775511
57.96082	0.7168367346938775
59.267	0.7219387755102041
60.59258	0.7270408163265306
62.26644	0.7321428571428571
63.89644	0.7372448979591837
63.99609	0.7423469387755102
65.90239	0.7474489795918368
66.30618	0.7525510204081632
67.15788	0.7576530612244898
68.38845	0.7627551020408163
68.86867	0.7678571428571429
68.93531	0.7729591836734694
70.98012	0.7780612244897959
72.01086	0.7831632653061225
72.78212	0.7882653061224489
72.82312	0.7933673469387755
73.12011	0.798469387755102
73.65647	0.8035714285714286
74.506	0.8086734693877551
76.81763	0.8137755102040817
76.96952	0.8188775510204082
79.0468	0.8239795918367347
82.03696	0.8290816326530612
82.80783	0.8341836734693877
84.64753	0.8392857142857143
85.45221	0.8443877551020408
85.49377	0.8494897959183674
87.06576	0.8545918367346939
87.98392	0.8596938775510204
89.08461	0.8647959183673469
91.76777	0.8698979591836735
92.46787	0.875
93.51134	0.8801020408163265
94.49323	0.8852040816326531
99.42057	0.8903061224489796
99.50159	0.8954081632653061
99.73186	0.9005102040816326
101.345	0.9056122448979592
101.7653	0.9107142857142857
101.7661	0.9158163265306123
103.9415	0.9209183673469388
106.8106	0.9260204081632653
107.3453	0.9311224489795918
108.1536	0.9362244897959183
111.0996	0.9413265306122449
117.4667	0.9464285714285714
123.7675	0.951530612244898
130.0623	0.9566326530612245
133.8061	0.9617346938775511
135.6038	0.9668367346938775
135.6384	0.9719387755102041
138.8917	0.9770408163265306
