0.368252	0.002551020408163265
0.380918	0.007653061224489796
0.859288	0.012755102040816327
0.860725	0.017857142857142856
1.04479	0.02295918367346939
1.050877	0.02806122448979592
1.146484	0.03316326530612245
1.71723	0.03826530612244898
2.204022	0.04336734693877551
2.294862	0.04846938775510204
2.499536	0.05357142857142857
2.786679	0.058673469387755105
3.850997	0.06377551020408163
4.91243	0.06887755102040816
4.914269	0.07397959183673469
5.675304	0.07908163265306123
6.848742	0.08418367346938775
7.054799	0.08928571428571429
7.232249	0.09438775510204081
9.147224	0.09948979591836735
9.431114	0.10459183673469388
9.707619	0.1096938775510204
9.920445	0.11479591836734694
10.04782	0.11989795918367346
10.52128	0.125
12.80479	0.13010204081632654
13.18679	0.13520408163265307
13.87756	0.14030612244897958
14.10001	0.14540816326530612
14.20647	0.15051020408163265
15.04665	0.1556122448979592
15.64309	0.16071428571428573
15.78905	0.16581632653061223
16.20468	0.17091836734693877
17.26444	0.1760204081632653
18.15531	0.18112244897959184
18.54316	0.18622448979591838
18.64277	0.1913265306122449
20.73012	0.19642857142857142
20.78692	0.20153061224489796
20.82609	0.2066326530612245
21.47483	0.21173469387755103
21.75526	0.21683673469387754
23.28574	0.22193877551020408
24.40498	0.22704081632653061
26.76391	0.23214285714285715
28.39668	0.2372448979591837
28.8039	0.2423469387755102
28.89434	0.24744897959183673
28.95538	0.25255102040816324
29.82011	0.2576530612244898
30.36585	0.2627551020408163
30.89876	0.26785714285714285
33.61588	0.2729591836734694
34.60078	0.2780612244897959
35.20935	0.28316326530612246
36.473	0.288265306122449
36.78961	0.29336734693877553
36.94341	0.29846938775510207
37.25364	0.30357142857142855
37.33639	0.3086734693877551
38.35689	0.3137755102040816
39.27745	0.31887755102040816
41.3586	0.3239795918367347
43.11022	0.32908163265306123
43.14013	0.33418367346938777
43.33824	0.3392857142857143
43.65384	0.34438775510204084
44.05273	0.3494897959183674
44.57716	0.35459183673469385
44.71056	0.3596938775510204
45.27695	0.3647959183673469
45.27917	0.36989795918367346
45.34238	0.375
45.81179	0.38010204081632654
45.86609	0.3852040816326531
45.99121	0.3903061224489796
46.99353	0.39540816326530615
47.38221	0.4005102040816326
48.35054	0.40561224489795916
48.36003	0.4107142857142857
48.57701	0.41581632653061223
48.60438	0.42091836734693877
49.07176	0.4260204081632653
49.30044	0.43112244897959184
49.63047	0.4362244897959184
50.05601	0.4413265306122449
50.34513	0.44642857142857145
50.81987	0.45153061224489793
51.69819	0.45663265306122447
52.01787	0.461734693877551
52.4386	0.46683673469387754
52.66442	0.4719387755102041
52.69919	0.4770408163265306
53.95735	0.48214285714285715
54.0232	0.4872448979591837
55.12812	0.4923469387755102
56.10192	0.49744897959183676
56.67991	0.5025510204081632
57.8516	0.5076530612244898
58.07	0.5127551020408163
58.31231	0.5178571428571429
59.38854	0.5229591836734694
59.90242	0.5280612244897959
59.99576	0.5331632653061225
62.88943	0.5382653061224489
64.06762	0.5433673469387755
64.33649	0.548469387755102
64.62947	0.5535714285714286
66.54727	0.5586734693877551
69.30164	0.5637755102040817
69.55407	0.5688775510204082
69.77651	0.5739795918367347
70.12187	0.5790816326530612
70.4717	0.5841836734693877
70.95003	0.5892857142857143
70.95612	0.5943877551020408
71.04977	0.5994897959183674
71.68637	0.6045918367346939
71.79081	0.6096938775510204
71.97119	0.6147959183673469
72.41368	0.6198979591836735
72.60694	0.625
72.84157	0.6301020408163265
74.38982	0.6352040816326531
74.62916	0.6403061224489796
75.20515	0.6454081632653061
78.07814	0.6505102040816326
78.91227	0.6556122448979592
79.86966	0.6607142857142857
80.48279	0.6658163265306123
81.37037	0.6709183673469388
82.68212	0.6760204081632653
83.34825	0.6811224489795918
83.3714	0.6862244897959183
83.46934	0.6913265306122449
86.12929	0.6964285714285714
88.11304	0.701530612244898
89.32337	0.7066326530612245
90.95997	0.7117346938775511
91.68042	0.7168367346938775
92.57215	0.7219387755102041
93.07271	0.7270408163265306
95.68455	0.7321428571428571
97.43473	0.7372448979591837
97.7297	0.7423469387755102
98.23082	0.7474489795918368
99.15081	0.7525510204081632
101.9072	0.7576530612244898
103.0034	0.7627551020408163
103.9076	0.7678571428571429
103.9515	0.7729591836734694
105.3119	0.7780612244897959
106.0888	0.7831632653061225
107.689	0.7882653061224489
110.9807	0.7933673469387755
111.5296	0.798469387755102
114.1551	0.8035714285714286
119.8078	0.8086734693877551
120.5289	0.8137755102040817
120.9573	0.8188775510204082
123.7579	0.8239795918367347
124.028	0.8290816326530612
125.562	0.8341836734693877
126.3476	0.8392857142857143
129.0042	0.8443877551020408
129.0375	0.8494897959183674
131.5411	0.8545918367346939
131.7135	0.8596938775510204
132.0658	0.8647959183673469
132.2634	0.8698979591836735
136.6559	0.875
138.6291	0.8801020408163265
140.2921	0.8852040816326531
146.8292	0.8903061224489796
148.8316	0.8954081632653061
