0.269729
0.370296
1.339697
1.832014
2.092429
2.138252
2.142763
3.555323
3.598037
3.753093
4.658627
5.286769
5.297808
5.307172
5.988509
6.454612
6.827884
7.331988
7.374739
7.485465
7.909278
8.299459
8.513207
10.14934
10.77534
10.99449
11.43056
12.07654
12.22404
12.80314
12.90683
12.95935
12.99922
13.77985
15.03782
15.24257
15.25914
15.44995
15.76205
15.98224
16.25289
16.77808
17.49547
17.55506
17.75722
17.79904
17.95582
18.39725
18.50433
19.65724
19.89820
19.92317
20.50934
20.74983
20.85226
20.86073
20.90952
21.20930
21.33919
21.79614
21.90488
22.66035
23.04353
24.28098
24.49645
25.05680
25.65353
26.45490
27.69812
28.08953
29.18193
29.22776
30.87545
31.00374
31.69758
31.73675
32.70641
32.94553
33.44662
33.46305
33.66994
33.78459
34.58340
34.76432
35.06305
35.85448
36.21275
36.22444
36.28455
37.06675
37.10105
37.20122
37.22278
37.29960
38.08625
38.47175
39.60965
39.96150
41.26718
41.67549
41.90660
43.08621
43.11054
43.60719
43.69340
43.82088
45.01648
45.60419
45.76352
45.90069
46.23232
46.48585
47.81565
48.75218
48.86309
49.05700
50.00854
50.02504
51.07028
51.27802
52.04244
52.11028
52.80128
53.09462
53.41390
53.55886
54.74272
54.88186
55.35395
55.62769
58.39835
59.67034
60.85585
62.70836
63.76769
64.90508
65.20911
67.66998
68.14595
68.45667
69.53278
69.55927
70.44467
71.99485
72.15245
76.52399
76.76464
78.14198
79.00177
81.1629	
81.91360
83.76487
85.54452
88.61663
89.21080
94.00541
96.22777
97.20455
97.64605
98.04656
98.74907
99.67059
100.2148
101.1841
101.8450
101.8732
102.4724
102.5362
102.6374
102.6493
102.7224
110.2227
112.8566
115.0102
118.5484
119.9096
120.1958
120.9680
121.6874
124.5806
128.1614
128.5810
129.3244
129.6893
133.8526
136.7570