0.51995
0.52652
0.530149
0.531242
0.53128
0.531773
0.533013
0.540371
0.540959
0.549266
0.809301
0.819105
0.833725
1.090977
1.105495
1.10733
1.109205
1.109997
1.121003
1.386764
1.396212
1.422438
1.67695
1.964717
1.967256
1.991872
2.268781
2.545056
2.855915
3.376907
3.715339
4.27408
4.834047
4.90564
5.108771
5.148768
5.414733
5.71973
6.27825
6.307925
6.553324
6.568361
6.840283
9.128241
9.226247
9.710764
9.740967
10.31129
10.59139
10.66769
11.17621
11.67718
12.00473
12.32532
12.44596
12.61641
12.88950
13.80090
14.31832
16.26197
17.95908
18.22609
21.02189
21.23655
24.95449
25.20129
28.76091
31.76645
31.79654
33.19070
33.54657
35.33705
37.55879
41.50765
42.38362
43.69121
44.92867
45.12063
48.52838
50.52720
53.34543
57.43246
57.48197
59.09134
59.94147
60.17906
62.35791
63.42619
63.45009
64.27821
64.43730
64.79486
66.12071
67.16689
67.63321
67.75243
70.99242
71.94252
75.47347
77.05979
81.65585
82.30570
83.63406
84.07379
85.02516
85.88878
86.4925
87.17310
87.28533
89.09531
89.64571
90.23644
90.44538
93.92086
94.52379
98.55597
103.1851
103.6154
106.1102
106.4230
113.8584
114.5720
116.5959
117.6982
118.9945
126.5633
127.7367
130.5934
130.9265
133.5046
135.1657
135.4124
136.3501
136.8074
137.4729
139.1242
144.3165