0.51995	0.0025252525252525255
0.52652	0.007575757575757576
0.530149	0.012626262626262626
0.531242	0.017676767676767676
0.53128	0.022727272727272728
0.531773	0.027777777777777776
0.533013	0.03282828282828283
0.540371	0.03787878787878788
0.540959	0.04292929292929293
0.549266	0.047979797979797977
0.809301	0.05303030303030303
0.819105	0.05808080808080808
0.833725	0.06313131313131314
1.090977	0.06818181818181818
1.105495	0.07323232323232323
1.10733	0.07828282828282829
1.109205	0.08333333333333333
1.109997	0.08838383838383838
1.121003	0.09343434343434344
1.386764	0.09848484848484848
1.396212	0.10353535353535354
1.422438	0.10858585858585859
1.67695	0.11363636363636363
1.964717	0.11868686868686869
1.967256	0.12373737373737374
1.991872	0.12878787878787878
2.268781	0.13383838383838384
2.545056	0.1388888888888889
2.855915	0.14393939393939395
3.376907	0.14898989898989898
3.715339	0.15404040404040403
4.27408	0.1590909090909091
4.834047	0.16414141414141414
4.90564	0.1691919191919192
5.108771	0.17424242424242425
5.148768	0.17929292929292928
5.414733	0.18434343434343434
5.71973	0.1893939393939394
6.27825	0.19444444444444445
6.307925	0.1994949494949495
6.553324	0.20454545454545456
6.568361	0.20959595959595959
6.840283	0.21464646464646464
9.128241	0.2196969696969697
9.226247	0.22474747474747475
9.710764	0.2297979797979798
9.740967	0.23484848484848486
10.31129	0.2398989898989899
10.59139	0.24494949494949494
10.66769	0.25
11.17621	0.255050505050505
11.67718	0.2601010101010101
12.00473	0.26515151515151514
12.32532	0.2702020202020202
12.44596	0.27525252525252525
12.61641	0.2803030303030303
12.8895	0.28535353535353536
13.8009	0.2904040404040404
14.31832	0.29545454545454547
16.26197	0.3005050505050505
17.95908	0.3055555555555556
18.22609	0.3106060606060606
21.02189	0.31565656565656564
21.23655	0.3207070707070707
24.95449	0.32575757575757575
25.20129	0.33080808080808083
28.76091	0.33585858585858586
31.76645	0.3409090909090909
31.79654	0.34595959595959597
33.1907	0.351010101010101
33.54657	0.3560606060606061
35.33705	0.3611111111111111
37.55879	0.3661616161616162
41.50765	0.3712121212121212
42.38362	0.37626262626262624
43.69121	0.3813131313131313
44.92867	0.38636363636363635
45.12063	0.39141414141414144
48.52838	0.39646464646464646
50.5272	0.4015151515151515
53.34543	0.4065656565656566
57.43246	0.4116161616161616
57.48197	0.4166666666666667
59.09134	0.4217171717171717
59.94147	0.42676767676767674
60.17906	0.4318181818181818
62.35791	0.43686868686868685
63.42619	0.44191919191919193
63.45009	0.44696969696969696
64.27821	0.45202020202020204
64.4373	0.45707070707070707
64.79486	0.4621212121212121
66.12071	0.4671717171717172
67.16689	0.4722222222222222
67.63321	0.4772727272727273
67.75243	0.4823232323232323
70.99242	0.48737373737373735
71.94252	0.49242424242424243
75.47347	0.49747474747474746
77.05979	0.5025252525252525
81.65585	0.5075757575757576
82.3057	0.5126262626262627
83.63406	0.5176767676767676
84.07379	0.5227272727272727
85.02516	0.5277777777777778
85.88878	0.5328282828282829
86.4925	0.5378787878787878
87.1731	0.5429292929292929
87.28533	0.547979797979798
89.09531	0.553030303030303
89.64571	0.5580808080808081
90.23644	0.5631313131313131
90.44538	0.5681818181818182
93.92086	0.5732323232323232
94.52379	0.5782828282828283
98.55597	0.5833333333333334
103.1851	0.5883838383838383
103.6154	0.5934343434343434
106.1102	0.5984848484848485
106.423	0.6035353535353535
113.8584	0.6085858585858586
114.572	0.6136363636363636
116.5959	0.6186868686868687
117.6982	0.6237373737373737
118.9945	0.6287878787878788
126.5633	0.6338383838383839
127.7367	0.6388888888888888
130.5934	0.6439393939393939
130.9265	0.648989898989899
133.5046	0.6540404040404041
135.1657	0.6590909090909091
135.4124	0.6641414141414141
136.3501	0.6691919191919192
136.8074	0.6742424242424242
137.4729	0.6792929292929293
139.1242	0.6843434343434344
144.3165	0.6893939393939394
