0.477795	0.0025252525252525255
0.485388	0.007575757575757576
0.487113	0.012626262626262626
0.489465	0.017676767676767676
0.489495	0.022727272727272728
0.491108	0.027777777777777776
0.491136	0.03282828282828283
0.499972	0.03787878787878788
0.747216	0.04292929292929293
0.747606	0.047979797979797977
0.748056	0.05303030303030303
0.752676	0.05808080808080808
0.756764	0.06313131313131314
0.763927	0.06818181818181818
0.764875	0.07323232323232323
0.769424	0.07828282828282829
0.783555	0.08333333333333333
1.012043	0.08838383838383838
1.017298	0.09343434343434344
1.020251	0.09848484848484848
1.02203	0.10353535353535354
1.281695	0.10858585858585859
1.287344	0.11363636363636363
1.296128	0.11868686868686869
1.810056	0.12373737373737374
1.835195	0.12878787878787878
2.077451	0.13383838383838384
2.092021	0.1388888888888889
2.101399	0.14393939393939395
2.110688	0.14898989898989898
2.360385	0.15404040404040403
2.362438	0.1590909090909091
2.621804	0.16414141414141414
2.627545	0.1691919191919192
2.924767	0.17424242424242425
3.150446	0.17929292929292928
3.160394	0.18434343434343434
3.424297	0.1893939393939394
3.96318	0.19444444444444445
4.48789	0.1994949494949495
4.786574	0.20454545454545456
5.295265	0.20959595959595959
5.54863	0.21464646464646464
6.062382	0.2196969696969697
6.396303	0.22474747474747475
6.918695	0.2297979797979798
6.925978	0.23484848484848486
7.177896	0.2398989898989899
7.178582	0.24494949494949494
7.4261	0.25
8.823625	0.255050505050505
9.255982	0.2601010101010101
9.319725	0.26515151515151514
9.333941	0.2702020202020202
10.40871	0.27525252525252525
10.89275	0.2803030303030303
11.79749	0.28535353535353536
12.01803	0.2904040404040404
12.01832	0.29545454545454547
12.5841	0.3005050505050505
13.5775	0.3055555555555556
15.5138	0.3106060606060606
16.27959	0.31565656565656564
16.51633	0.3207070707070707
19.20372	0.32575757575757575
20.71865	0.33080808080808083
22.34735	0.33585858585858586
25.96644	0.3409090909090909
26.6606	0.34595959595959597
26.98029	0.351010101010101
28.28637	0.3560606060606061
29.4366	0.3611111111111111
31.244	0.3661616161616162
32.30953	0.3712121212121212
33.29006	0.37626262626262624
37.45378	0.3813131313131313
40.69949	0.38636363636363635
41.08297	0.39141414141414144
44.71829	0.39646464646464646
45.59555	0.4015151515151515
49.76281	0.4065656565656566
51.17864	0.4116161616161616
51.95871	0.4166666666666667
52.17778	0.4217171717171717
53.60716	0.42676767676767674
54.5091	0.4318181818181818
55.82654	0.43686868686868685
57.2916	0.44191919191919193
57.55626	0.44696969696969696
60.37997	0.45202020202020204
61.07233	0.45707070707070707
70.83386	0.4621212121212121
71.28109	0.4671717171717172
74.84371	0.4722222222222222
74.88754	0.4772727272727273
80.76183	0.4823232323232323
84.58015	0.48737373737373735
86.42657	0.49242424242424243
86.94344	0.49747474747474746
87.17774	0.5025252525252525
88.75025	0.5075757575757576
91.16259	0.5126262626262627
92.03528	0.5176767676767676
92.56047	0.5227272727272727
93.58628	0.5277777777777778
95.22087	0.5328282828282829
95.87652	0.5378787878787878
96.95369	0.5429292929292929
97.09075	0.547979797979798
97.46433	0.553030303030303
98.47541	0.5580808080808081
101.0852	0.5631313131313131
101.7229	0.5681818181818182
104.4303	0.5732323232323232
105.3566	0.5782828282828283
106.5711	0.5833333333333334
108.2026	0.5883838383838383
108.7398	0.5934343434343434
109.4541	0.5984848484848485
109.9477	0.6035353535353535
110.8333	0.6085858585858586
112.4857	0.6136363636363636
116.3476	0.6186868686868687
116.8748	0.6237373737373737
119.6947	0.6287878787878788
120.5866	0.6338383838383839
126.8534	0.6388888888888888
128.1296	0.6439393939393939
128.3576	0.648989898989899
130.1188	0.6540404040404041
131.2632	0.6590909090909091
131.327	0.6641414141414141
132.6561	0.6691919191919192
133.5639	0.6742424242424242
137.3543	0.6792929292929293
137.6006	0.6843434343434344
139.3971	0.6893939393939394
140.7301	0.6944444444444444
142.3184	0.6994949494949495
143.9264	0.7045454545454546
148.9573	0.7095959595959596
