0.481364
0.481971
0.49231
0.494045
0.495418
0.497066
0.501537
0.756272
0.756653
0.761344
0.763895
0.764348
0.768758
0.77201
1.018098
1.026243
1.030589
1.035982
1.038182
1.084852
1.219692
1.29141
1.292156
1.304901
1.3181
1.326984
1.572821
1.582112
2.094823
2.117726
2.374407
2.384258
2.610555
2.64105
3.440099
3.459836
3.490883
3.675761
3.695261
3.706847
3.74122
4.236149
4.534264
4.542661
4.544645
4.77398
5.339749
5.57672
5.598856
5.608726
5.851574
5.90174
6.148401
6.194133
6.967144
7.434975
7.513801
7.965663
8.026925
9.374847
9.384352
11.06212
11.20565
12.06705
12.97687
14.1297
14.40473
15.06925
15.52792
19.30685
19.31537
19.64206
20.14269
21.02868
23.62473
25.78654
27.27604
28.71176
33.72012
33.8794
39.40685
39.76537
40.87810
43.29659
46.30348
60.10240
60.37758
61.71762
62.33598
63.53118
64.88323
66.31193
70.04579
71.36610
83.88529
85.65978
86.44646
88.16883
89.38341
89.81389
92.17988
92.46541
97.22929
97.25084
106.5796
106.8558
107.2126
108.6908
113.0135
114.0012
114.7809
115.2462
116.0853
119.3636
119.9712
120.5337
122.1564
123.4602
133.5554
135.2143
140.6468
143.6017
145.6376
146.4857
147.8480
149.9440