0.477795
0.485388
0.487113
0.489465
0.489495
0.491108
0.491136
0.499972
0.747216
0.747606
0.748056
0.752676
0.756764
0.763927
0.764875
0.769424
0.783555
1.012043
1.017298
1.020251
1.02203
1.281695
1.287344
1.296128
1.810056
1.835195
2.077451
2.092021
2.101399
2.110688
2.360385
2.362438
2.621804
2.627545
2.924767
3.150446
3.160394
3.424297
3.96318
4.48789
4.786574
5.295265
5.54863
6.062382
6.396303
6.918695
6.925978
7.177896
7.178582
7.4261
8.823625
9.255982
9.319725
9.333941
10.40871
10.89275
11.79749
12.01803
12.01832
12.58410
13.57750
15.51380
16.27959
16.51633
19.20372
20.71865
22.34735
25.96644
26.66060
26.98029
28.28637
29.43660
31.24400
32.30953
33.29006
37.45378
40.69949
41.08297
44.71829
45.59555
49.76281
51.17864
51.95871
52.17778
53.60716
54.50910
55.82654
57.29160
57.55626
60.37997
61.07233
70.83386
71.28109
74.84371
74.88754
80.76183
84.58015
86.42657
86.94344
87.17774
88.75025
91.16259
92.03528
92.56047
93.58628
95.22087
95.87652
96.95369
97.09075
97.46433
98.47541
101.0852
101.7229
104.4303
105.3566
106.5711
108.2026
108.7398
109.4541
109.9477
110.8333
112.4857
116.3476
116.8748
119.6947
120.5866
126.8534
128.1296
128.3576
130.1188
131.2632
131.3270
132.6561
133.5639
137.3543
137.6006
139.3971
140.7301
142.3184
143.9264
148.9573