0.483816	0.0025252525252525255
0.490215	0.007575757575757576
0.491624	0.012626262626262626
0.491624	0.017676767676767676
0.751347	0.022727272727272728
0.753136	0.027777777777777776
0.753257	0.03282828282828283
0.758359	0.03787878787878788
0.759151	0.04292929292929293
0.759222	0.047979797979797977
0.762271	0.05303030303030303
0.762655	0.05808080808080808
0.764463	0.06313131313131314
0.765365	0.06818181818181818
0.767601	0.07323232323232323
0.768201	0.07828282828282829
0.769526	0.08333333333333333
0.770802	0.08838383838383838
0.789124	0.09343434343434344
1.013746	0.09848484848484848
1.014392	0.10353535353535354
1.020572	0.10858585858585859
1.034295	0.11363636363636363
1.035068	0.11868686868686869
1.039193	0.12373737373737374
1.04748	0.12878787878787878
1.288983	0.13383838383838384
1.291208	0.1388888888888889
1.292554	0.14393939393939395
1.293595	0.14898989898989898
1.316065	0.15404040404040403
1.327317	0.1590909090909091
1.55859	0.16414141414141414
1.580952	0.1691919191919192
2.093018	0.17424242424242425
2.637708	0.17929292929292928
2.646516	0.18434343434343434
2.655597	0.1893939393939394
2.901394	0.19444444444444445
3.120559	0.1994949494949495
3.148611	0.20454545454545456
3.4258	0.20959595959595959
3.445806	0.21464646464646464
3.701388	0.2196969696969697
4.241885	0.22474747474747475
4.506682	0.2297979797979798
4.529019	0.23484848484848486
4.783365	0.2398989898989899
5.264108	0.24494949494949494
5.302945	0.25
5.560038	0.255050505050505
5.850097	0.2601010101010101
6.109467	0.26515151515151514
6.143617	0.2702020202020202
6.182047	0.27525252525252525
6.628925	0.2803030303030303
6.932232	0.28535353535353536
6.958334	0.2904040404040404
7.435028	0.29545454545454547
7.72122	0.3005050505050505
8.28691	0.3055555555555556
8.450138	0.3106060606060606
8.528225	0.31565656565656564
8.575874	0.3207070707070707
8.590031	0.32575757575757575
9.078212	0.33080808080808083
9.355062	0.33585858585858586
9.657687	0.3409090909090909
9.88511	0.34595959595959597
9.944641	0.351010101010101
11.00852	0.3560606060606061
11.20159	0.3611111111111111
11.52301	0.3661616161616162
12.27702	0.3712121212121212
12.60364	0.37626262626262624
12.79018	0.3813131313131313
13.24898	0.38636363636363635
13.62856	0.39141414141414144
14.10881	0.39646464646464646
14.68779	0.4015151515151515
15.22527	0.4065656565656566
15.44727	0.4116161616161616
15.53066	0.4166666666666667
15.54069	0.4217171717171717
15.8114	0.42676767676767674
16.4789	0.4318181818181818
16.58217	0.43686868686868685
18.41047	0.44191919191919193
20.33614	0.44696969696969696
20.67801	0.45202020202020204
20.74352	0.45707070707070707
20.75027	0.4621212121212121
21.30355	0.4671717171717172
22.35398	0.4722222222222222
22.76625	0.4772727272727273
22.97094	0.4823232323232323
23.11595	0.48737373737373735
23.52108	0.49242424242424243
23.97999	0.49747474747474746
24.58814	0.5025252525252525
25.38891	0.5075757575757576
25.40894	0.5126262626262627
25.42073	0.5176767676767676
25.80209	0.5227272727272727
25.83219	0.5277777777777778
29.615	0.5328282828282829
29.69929	0.5378787878787878
29.77997	0.5429292929292929
30.86282	0.547979797979798
30.95229	0.553030303030303
31.30891	0.5580808080808081
31.70267	0.5631313131313131
32.04138	0.5681818181818182
32.58435	0.5732323232323232
33.29808	0.5782828282828283
33.46173	0.5833333333333334
33.8983	0.5883838383838383
35.09959	0.5934343434343434
35.6988	0.5984848484848485
36.80641	0.6035353535353535
36.86299	0.6085858585858586
37.54217	0.6136363636363636
38.36556	0.6186868686868687
38.91749	0.6237373737373737
38.93907	0.6287878787878788
39.47214	0.6338383838383839
40.01255	0.6388888888888888
40.16548	0.6439393939393939
41.35348	0.648989898989899
41.59681	0.6540404040404041
41.84093	0.6590909090909091
42.05387	0.6641414141414141
42.16832	0.6691919191919192
42.96783	0.6742424242424242
43.43436	0.6792929292929293
43.59249	0.6843434343434344
43.84494	0.6893939393939394
45.24837	0.6944444444444444
45.59001	0.6994949494949495
45.60209	0.7045454545454546
46.31812	0.7095959595959596
46.68488	0.7146464646464646
47.16624	0.7196969696969697
47.52393	0.7247474747474747
48.17429	0.7297979797979798
48.70435	0.7348484848484849
50.29291	0.73989898989899
51.41597	0.7449494949494949
51.99011	0.75
53.23015	0.7550505050505051
53.49343	0.76010101010101
54.57836	0.7651515151515151
54.77037	0.7702020202020202
54.83056	0.7752525252525253
55.55166	0.7803030303030303
55.83521	0.7853535353535354
56.2079	0.7904040404040404
56.86867	0.7954545454545454
58.03882	0.8005050505050505
58.45427	0.8055555555555556
59.3113	0.8106060606060606
60.21618	0.8156565656565656
60.27318	0.8207070707070707
60.78025	0.8257575757575758
60.97838	0.8308080808080808
62.20356	0.8358585858585859
63.35308	0.8409090909090909
63.53015	0.8459595959595959
63.54501	0.851010101010101
63.97908	0.8560606060606061
64.84129	0.8611111111111112
64.84489	0.8661616161616161
65.54854	0.8712121212121212
66.69988	0.8762626262626263
66.99592	0.8813131313131313
70.05138	0.8863636363636364
71.17204	0.8914141414141414
71.6123	0.8964646464646465
72.62581	0.9015151515151515
73.11629	0.9065656565656566
73.40789	0.9116161616161617
75.74922	0.9166666666666666
78.30824	0.9217171717171717
78.38698	0.9267676767676768
85.34063	0.9318181818181818
90.56585	0.9368686868686869
92.2337	0.9419191919191919
96.10288	0.946969696969697
101.9378	0.952020202020202
102.858	0.9570707070707071
105.631	0.9621212121212122
107.262	0.9671717171717171
111.6958	0.9722222222222222
120.9203	0.9772727272727273
125.0558	0.9823232323232324
126.6366	0.9873737373737373
129.4609	0.9924242424242424
131.186	0.9974747474747475
