0.479433	0.0025252525252525255
0.488208	0.007575757575757576
0.488443	0.012626262626262626
0.48868	0.017676767676767676
0.488988	0.022727272727272728
0.490075	0.027777777777777776
0.490494	0.03282828282828283
0.492729	0.03787878787878788
0.492736	0.04292929292929293
0.496152	0.047979797979797977
0.496341	0.05303030303030303
0.498928	0.05808080808080808
0.502447	0.06313131313131314
0.504851	0.06818181818181818
0.51114	0.07323232323232323
0.744159	0.07828282828282829
0.751283	0.08333333333333333
0.755254	0.08838383838383838
0.758904	0.09343434343434344
0.759596	0.09848484848484848
0.767328	0.10353535353535354
0.771201	0.10858585858585859
1.016142	0.11363636363636363
1.019116	0.11868686868686869
1.02071	0.12373737373737374
1.022158	0.12878787878787878
1.0306	0.13383838383838384
1.031605	0.1388888888888889
1.038945	0.14393939393939395
1.040771	0.14898989898989898
1.043765	0.15404040404040403
1.217567	0.1590909090909091
1.286454	0.16414141414141414
1.571116	0.1691919191919192
1.574882	0.17424242424242425
1.580298	0.17929292929292928
1.826539	0.18434343434343434
1.844499	0.1893939393939394
2.103158	0.19444444444444445
2.123043	0.1994949494949495
2.142869	0.20454545454545456
2.380863	0.20959595959595959
2.904807	0.21464646464646464
3.163434	0.2196969696969697
3.454439	0.22474747474747475
3.4631	0.2297979797979798
3.464275	0.23484848484848486
3.484446	0.2398989898989899
3.999308	0.24494949494949494
4.226851	0.25
4.231716	0.255050505050505
4.824757	0.2601010101010101
5.053286	0.26515151515151514
5.548634	0.2702020202020202
5.945037	0.27525252525252525
6.1457	0.2803030303030303
6.368951	0.28535353535353536
6.641082	0.2904040404040404
7.200261	0.29545454545454547
7.213528	0.3005050505050505
7.289423	0.3055555555555556
7.777214	0.3106060606060606
8.574433	0.31565656565656564
8.849419	0.3207070707070707
9.68554	0.32575757575757575
9.874338	0.33080808080808083
9.895537	0.33585858585858586
10.97226	0.3409090909090909
11.26159	0.34595959595959597
11.64332	0.351010101010101
12.58263	0.3560606060606061
12.58444	0.3611111111111111
13.40332	0.3661616161616162
17.1218	0.3712121212121212
22.49584	0.37626262626262624
24.06777	0.3813131313131313
25.66943	0.38636363636363635
25.70376	0.39141414141414144
26.46061	0.39646464646464646
27.53116	0.4015151515151515
27.80076	0.4065656565656566
27.95889	0.4116161616161616
28.36583	0.4166666666666667
29.14454	0.4217171717171717
29.90122	0.42676767676767674
30.41722	0.4318181818181818
33.45546	0.43686868686868685
33.80867	0.44191919191919193
34.00443	0.44696969696969696
34.2946	0.45202020202020204
36.81345	0.45707070707070707
36.87005	0.4621212121212121
38.27015	0.4671717171717172
46.96762	0.4722222222222222
47.32604	0.4772727272727273
49.65715	0.4823232323232323
50.98099	0.48737373737373735
51.7469	0.49242424242424243
53.11804	0.49747474747474746
53.13866	0.5025252525252525
54.23744	0.5075757575757576
55.22994	0.5126262626262627
56.24787	0.5176767676767676
56.83889	0.5227272727272727
56.99842	0.5277777777777778
59.44313	0.5328282828282829
59.69162	0.5378787878787878
62.85027	0.5429292929292929
63.33718	0.547979797979798
64.0553	0.553030303030303
64.8566	0.5580808080808081
65.58977	0.5631313131313131
65.80689	0.5681818181818182
66.2102	0.5732323232323232
66.87667	0.5782828282828283
66.95463	0.5833333333333334
67.19224	0.5883838383838383
67.34205	0.5934343434343434
68.96765	0.5984848484848485
69.81815	0.6035353535353535
70.03219	0.6085858585858586
71.79913	0.6136363636363636
74.15814	0.6186868686868687
74.15911	0.6237373737373737
76.21556	0.6287878787878788
76.22125	0.6338383838383839
76.77922	0.6388888888888888
80.56398	0.6439393939393939
81.37552	0.648989898989899
83.11058	0.6540404040404041
83.31089	0.6590909090909091
85.46712	0.6641414141414141
87.86881	0.6691919191919192
89.18167	0.6742424242424242
89.7439	0.6792929292929293
89.90281	0.6843434343434344
90.43455	0.6893939393939394
92.35783	0.6944444444444444
92.51408	0.6994949494949495
94.58026	0.7045454545454546
95.87187	0.7095959595959596
96.22915	0.7146464646464646
99.07796	0.7196969696969697
99.07996	0.7247474747474747
99.74211	0.7297979797979798
101.1544	0.7348484848484849
101.6927	0.73989898989899
104.5747	0.7449494949494949
106.4234	0.75
107.2992	0.7550505050505051
107.7886	0.76010101010101
109.3331	0.7651515151515151
113.0496	0.7702020202020202
113.062	0.7752525252525253
115.9257	0.7803030303030303
116.8821	0.7853535353535354
120.6157	0.7904040404040404
120.9038	0.7954545454545454
121.1567	0.8005050505050505
122.3132	0.8055555555555556
127.6163	0.8106060606060606
128.4913	0.8156565656565656
128.8841	0.8207070707070707
129.7308	0.8257575757575758
133.0609	0.8308080808080808
135.6059	0.8358585858585859
138.2828	0.8409090909090909
139.3123	0.8459595959595959
140.1178	0.851010101010101
140.5845	0.8560606060606061
145.8463	0.8611111111111112
146.3131	0.8661616161616161
149.0991	0.8712121212121212
