0.479433
0.488208
0.488443
0.48868
0.488988
0.490075
0.490494
0.492729
0.492736
0.496152
0.496341
0.498928
0.502447
0.504851
0.51114
0.744159
0.751283
0.755254
0.758904
0.759596
0.767328
0.771201
1.016142
1.019116
1.02071
1.022158
1.0306
1.031605
1.038945
1.040771
1.043765
1.217567
1.286454
1.571116
1.574882
1.580298
1.826539
1.844499
2.103158
2.123043
2.142869
2.380863
2.904807
3.163434
3.454439
3.4631
3.464275
3.484446
3.999308
4.226851
4.231716
4.824757
5.053286
5.548634
5.945037
6.1457
6.368951
6.641082
7.200261
7.213528
7.289423
7.777214
8.574433
8.849419
9.68554
9.874338
9.895537
10.97226
11.26159
11.64332
12.58263
12.58444
13.40332
17.12180
22.49584
24.06777
25.66943
25.70376
26.46061
27.53116
27.80076
27.95889
28.36583
29.14454
29.90122
30.41722
33.45546
33.80867
34.00443
34.29460
36.81345
36.87005
38.27015
46.96762
47.32604
49.65715
50.98099
51.74690
53.11804
53.13866
54.23744
55.22994
56.24787
56.83889
56.99842
59.44313
59.69162
62.85027
63.33718
64.05530
64.85660
65.58977
65.80689
66.21020
66.87667
66.95463
67.19224
67.34205
68.96765
69.81815
70.03219
71.79913
74.15814
74.15911
76.21556
76.22125
76.77922
80.56398
81.37552
83.11058
83.31089
85.46712
87.86881
89.18167
89.74390
89.90281
90.43455
92.35783
92.51408
94.58026
95.87187
96.22915
99.07796
99.07996
99.74211
101.1544
101.6927
104.5747
106.4234
107.2992
107.7886
109.3331
113.0496
113.0620
115.9257
116.8821
120.6157
120.9038
121.1567
122.3132
127.6163
128.4913
128.8841
129.7308
133.0609
135.6059
138.2828
139.3123
140.1178
140.5845
145.8463
146.3131
149.0991