0.509076	0.0025252525252525255
0.510735	0.007575757575757576
0.519356	0.012626262626262626
0.519456	0.017676767676767676
0.52063	0.022727272727272728
0.521217	0.027777777777777776
0.522286	0.03282828282828283
0.529407	0.03787878787878788
0.781913	0.04292929292929293
0.788778	0.047979797979797977
0.795977	0.05303030303030303
1.064453	0.05808080808080808
1.067483	0.06313131313131314
1.069558	0.06818181818181818
1.072634	0.07323232323232323
1.073124	0.07828282828282829
1.121603	0.08333333333333333
1.26508	0.08838383838383838
1.334958	0.09343434343434344
1.344819	0.09848484848484848
1.346613	0.10353535353535354
1.351546	0.10858585858585859
1.357631	0.11363636363636363
1.607158	0.11868686868686869
1.615304	0.12373737373737374
1.620902	0.12878787878787878
1.637289	0.13383838383838384
1.882016	0.1388888888888889
1.906529	0.14393939393939395
2.165704	0.14898989898989898
2.170234	0.15404040404040403
2.198038	0.1590909090909091
2.209635	0.16414141414141414
2.461933	0.1691919191919192
2.991178	0.17424242424242425
3.019764	0.17929292929292928
3.301203	0.18434343434343434
3.616841	0.1893939393939394
4.682146	0.19444444444444445
4.975719	0.1994949494949495
6.398312	0.20454545454545456
6.606291	0.20959595959595959
6.671075	0.21464646464646464
7.194074	0.2196969696969697
7.418617	0.22474747474747475
7.465071	0.2297979797979798
8.062296	0.23484848484848486
8.641814	0.2398989898989899
9.105874	0.24494949494949494
9.318383	0.25
9.397544	0.255050505050505
9.400343	0.2601010101010101
10.011027	0.26515151515151514
10.241777	0.2702020202020202
10.277227	0.27525252525252525
10.305393	0.2803030303030303
11.381086	0.28535353535353536
11.660848	0.2904040404040404
12.795618	0.29545454545454547
13.161248	0.3005050505050505
13.261601	0.3055555555555556
13.287391	0.3106060606060606
13.772775	0.31565656565656564
14.352772	0.3207070707070707
14.987242	0.32575757575757575
19.752205	0.33080808080808083
19.955941	0.33585858585858586
20.311041	0.3409090909090909
20.314176	0.34595959595959597
21.679667	0.351010101010101
26.446267	0.3560606060606061
28.013681	0.3611111111111111
29.427392	0.3661616161616162
30.226189	0.3712121212121212
34.760788	0.37626262626262624
36.92795	0.3813131313131313
39.095608	0.38636363636363635
39.30501	0.39141414141414144
39.632781	0.39646464646464646
41.004759	0.4015151515151515
41.435917	0.4065656565656566
45.415205	0.4116161616161616
46.673058	0.4166666666666667
51.767747	0.4217171717171717
53.043418	0.42676767676767674
53.087007	0.4318181818181818
55.389256	0.43686868686868685
59.905614	0.44191919191919193
60.186795	0.44696969696969696
68.988663	0.45202020202020204
71.81474	0.45707070707070707
73.515274	0.4621212121212121
73.591131	0.4671717171717172
73.825807	0.4722222222222222
77.027938	0.4772727272727273
77.742964	0.4823232323232323
77.931912	0.48737373737373735
82.993169	0.49242424242424243
91.849732	0.49747474747474746
93.234878	0.5025252525252525
101.567477	0.5075757575757576
103.944051	0.5126262626262627
108.12253	0.5176767676767676
122.015294	0.5227272727272727
123.83257	0.5277777777777778
136.362407	0.5328282828282829
136.400312	0.5378787878787878
136.84375	0.5429292929292929
145.30345	0.547979797979798
148.589774	0.553030303030303
