0.481364	0.0025252525252525255
0.481971	0.007575757575757576
0.49231	0.012626262626262626
0.494045	0.017676767676767676
0.495418	0.022727272727272728
0.497066	0.027777777777777776
0.501537	0.03282828282828283
0.756272	0.03787878787878788
0.756653	0.04292929292929293
0.761344	0.047979797979797977
0.763895	0.05303030303030303
0.764348	0.05808080808080808
0.768758	0.06313131313131314
0.77201	0.06818181818181818
1.018098	0.07323232323232323
1.026243	0.07828282828282829
1.030589	0.08333333333333333
1.035982	0.08838383838383838
1.038182	0.09343434343434344
1.084852	0.09848484848484848
1.219692	0.10353535353535354
1.29141	0.10858585858585859
1.292156	0.11363636363636363
1.304901	0.11868686868686869
1.3181	0.12373737373737374
1.326984	0.12878787878787878
1.572821	0.13383838383838384
1.582112	0.1388888888888889
2.094823	0.14393939393939395
2.117726	0.14898989898989898
2.374407	0.15404040404040403
2.384258	0.1590909090909091
2.610555	0.16414141414141414
2.64105	0.1691919191919192
3.440099	0.17424242424242425
3.459836	0.17929292929292928
3.490883	0.18434343434343434
3.675761	0.1893939393939394
3.695261	0.19444444444444445
3.706847	0.1994949494949495
3.74122	0.20454545454545456
4.236149	0.20959595959595959
4.534264	0.21464646464646464
4.542661	0.2196969696969697
4.544645	0.22474747474747475
4.77398	0.2297979797979798
5.339749	0.23484848484848486
5.57672	0.2398989898989899
5.598856	0.24494949494949494
5.608726	0.25
5.851574	0.255050505050505
5.90174	0.2601010101010101
6.148401	0.26515151515151514
6.194133	0.2702020202020202
6.967144	0.27525252525252525
7.434975	0.2803030303030303
7.513801	0.28535353535353536
7.965663	0.2904040404040404
8.026925	0.29545454545454547
9.374847	0.3005050505050505
9.384352	0.3055555555555556
11.06212	0.3106060606060606
11.20565	0.31565656565656564
12.06705	0.3207070707070707
12.97687	0.32575757575757575
14.1297	0.33080808080808083
14.40473	0.33585858585858586
15.06925	0.3409090909090909
15.52792	0.34595959595959597
19.30685	0.351010101010101
19.31537	0.3560606060606061
19.64206	0.3611111111111111
20.14269	0.3661616161616162
21.02868	0.3712121212121212
23.62473	0.37626262626262624
25.78654	0.3813131313131313
27.27604	0.38636363636363635
28.71176	0.39141414141414144
33.72012	0.39646464646464646
33.8794	0.4015151515151515
39.40685	0.4065656565656566
39.76537	0.4116161616161616
40.8781	0.4166666666666667
43.29659	0.4217171717171717
46.30348	0.42676767676767674
60.1024	0.4318181818181818
60.37758	0.43686868686868685
61.71762	0.44191919191919193
62.33598	0.44696969696969696
63.53118	0.45202020202020204
64.88323	0.45707070707070707
66.31193	0.4621212121212121
70.04579	0.4671717171717172
71.3661	0.4722222222222222
83.88529	0.4772727272727273
85.65978	0.4823232323232323
86.44646	0.48737373737373735
88.16883	0.49242424242424243
89.38341	0.49747474747474746
89.81389	0.5025252525252525
92.17988	0.5075757575757576
92.46541	0.5126262626262627
97.22929	0.5176767676767676
97.25084	0.5227272727272727
106.5796	0.5277777777777778
106.8558	0.5328282828282829
107.2126	0.5378787878787878
108.6908	0.5429292929292929
113.0135	0.547979797979798
114.0012	0.553030303030303
114.7809	0.5580808080808081
115.2462	0.5631313131313131
116.0853	0.5681818181818182
119.3636	0.5732323232323232
119.9712	0.5782828282828283
120.5337	0.5833333333333334
122.1564	0.5883838383838383
123.4602	0.5934343434343434
133.5554	0.5984848484848485
135.2143	0.6035353535353535
140.6468	0.6085858585858586
143.6017	0.6136363636363636
145.6376	0.6186868686868687
146.4857	0.6237373737373737
147.848	0.6287878787878788
149.944	0.6338383838383839
