0.490341
0.499382
0.502635
0.766859
0.771792
0.777071
0.781222
1.033967
1.046622
1.049996
1.050117
1.052347
1.05301
1.058498
1.317546
1.324613
1.568576
1.589966
1.835222
1.862712
1.886614
2.39024
2.415274
2.415693
2.415755
2.432419
2.655097
2.674339
3.47136
3.476855
3.500704
3.502727
3.517973
3.782564
4.042783
4.869363
5.657197
6.697893
7.077399
8.110645
8.15087
8.38591
8.593307
8.609536
8.675028
8.908864
8.927521
9.712361
9.998153
10.013023
10.782935
11.375329
12.39408
12.776716
12.982247
14.170411
15.661815
18.446748
18.68993
23.665132
25.301839
26.147211
26.996242
28.092681
28.171803
28.309574
29.76086
30.208811
30.526685
31.186117
31.25716
31.902094
35.569753
37.755468
38.497885
38.736653
39.298032
39.328137
40.159716
43.132437
43.329538
48.187189
49.004203
49.024368
49.265103
51.618613
52.346196
53.118335
53.18265
57.054724
57.865412
58.458985
58.52746
59.204502
59.843313
61.688985
61.916408
61.978681
63.417922
64.132227
64.877879
65.50419
65.580879
65.662749
69.317562
69.833916
72.448161
72.79407
73.556374
77.909598
78.814551
80.503045
85.432281
90.572227
91.279106
91.898541
93.463743
97.053327
98.347032
98.488019
98.585826
98.722977
98.892608
100.526783
101.172316
102.279086
102.809507
103.436359
103.535633
104.162527
104.370222
106.454738
106.713209
107.609568
108.0545
112.316999
116.790147
116.918723
121.420145
121.787326
121.840372
122.682253
123.062276
123.428477
124.249989
124.746554
126.979235
127.282377
127.59739
129.816407
132.776108
133.59586
133.914738
134.291038
135.996594
140.443816
141.506019
141.587746
142.96538
145.050682
145.544285
148.72165