0.478758	0.0025
0.484103	0.0075
0.491336	0.0125
0.496648	0.0175
0.498341	0.0225
0.498364	0.0275
0.500037	0.0325
0.502611	0.0375
0.506028	0.0425
0.521	0.0475
0.754354	0.0525
0.761327	0.0575
0.763885	0.0625
0.763885	0.0675
0.774632	0.0725
0.783622	0.0775
0.78407	0.0825
0.791024	0.0875
1.014997	0.0925
1.034364	0.0975
1.03653	0.1025
1.03769	0.1075
1.038195	0.1125
1.052541	0.1175
1.053638	0.1225
1.29643	0.1275
1.297636	0.1325
1.303391	0.1375
1.307096	0.1425
1.340057	0.1475
1.835301	0.1525
2.114002	0.1575
2.115814	0.1625
2.116437	0.1675
2.364967	0.1725
2.404481	0.1775
2.426039	0.1825
2.426805	0.1875
2.641139	0.1925
2.928597	0.1975
2.95719	0.2025
3.18987	0.2075
3.519719	0.2125
3.742629	0.2175
3.970674	0.2225
4.036982	0.2275
4.260851	0.2325
4.55593	0.2375
4.806921	0.2425
4.811394	0.2475
5.352976	0.2525
6.138938	0.2575
6.154754	0.2625
6.677011	0.2675
6.732275	0.2725
7.532297	0.2775
7.544283	0.2825
7.736701	0.2875
8.355477	0.2925
8.586296	0.2975
8.97419	0.3025
9.203092	0.3075
9.403824	0.3125
10.1725	0.3175
11.408436	0.3225
12.113964	0.3275
12.341491	0.3325
12.60172	0.3375
12.905747	0.3425
12.925211	0.3475
13.18566	0.3525
13.387282	0.3575
13.568957	0.3625
13.641381	0.3675
15.086776	0.3725
15.106285	0.3775
15.323862	0.3825
16.721444	0.3875
20.473478	0.3925
21.175163	0.3975
21.814617	0.4025
22.741098	0.4075
22.982389	0.4125
24.918691	0.4175
26.654367	0.4225
27.998633	0.4275
30.141156	0.4325
32.752935	0.4375
33.787653	0.4425
34.001805	0.4475
34.751207	0.4525
34.957588	0.4575
36.009414	0.4625
38.919669	0.4675
41.701364	0.4725
42.534075	0.4775
43.438924	0.4825
43.500066	0.4875
43.76696	0.4925
44.69357	0.4975
45.281694	0.5025
45.58469	0.5075
45.921277	0.5125
46.429175	0.5175
47.328173	0.5225
48.302654	0.5275
48.566134	0.5325
48.808277	0.5375
50.630766	0.5425
52.610645	0.5475
52.657945	0.5525
52.894083	0.5575
54.969591	0.5625
58.132192	0.5675
58.289387	0.5725
60.606453	0.5775
62.103465	0.5825
62.842325	0.5875
62.915689	0.5925
63.217533	0.5975
66.99556	0.6025
67.771681	0.6075
68.05948	0.6125
68.55184	0.6175
68.59618	0.6225
68.925216	0.6275
69.292914	0.6325
71.929943	0.6375
73.23925	0.6425
73.888447	0.6475
74.55247	0.6525
74.724618	0.6575
79.684458	0.6625
80.850279	0.6675
82.073732	0.6725
85.072006	0.6775
85.735972	0.6825
86.835309	0.6875
86.91527	0.6925
89.200232	0.6975
89.332294	0.7025
93.589191	0.7075
95.048949	0.7125
97.152791	0.7175
97.564892	0.7225
102.048301	0.7275
102.566591	0.7325
104.040471	0.7375
104.217414	0.7425
105.220084	0.7475
105.836688	0.7525
107.191949	0.7575
107.833804	0.7625
108.950124	0.7675
111.829531	0.7725
112.641004	0.7775
113.552019	0.7825
114.3097	0.7875
117.389493	0.7925
118.393135	0.7975
119.796319	0.8025
120.076523	0.8075
121.771409	0.8125
123.362663	0.8175
123.690392	0.8225
125.446588	0.8275
125.782812	0.8325
126.925733	0.8375
130.528615	0.8425
131.61053	0.8475
136.744424	0.8525
137.188584	0.8575
137.54873	0.8625
137.835765	0.8675
145.099477	0.8725
145.857226	0.8775
149.554166	0.8825
