0.48114	0.0025
0.50163	0.0075
0.52375	0.0125
0.75134	0.0175
0.75527	0.0225
0.75701	0.0275
0.76062	0.0325
0.76279	0.0375
0.76351	0.0425
0.76838	0.0475
0.78168	0.0525
1.02997	0.0575
1.03495	0.0625
1.03623	0.0675
1.03994	0.0725
1.30099	0.0775
1.30486	0.0825
1.30839	0.0875
1.31347	0.0925
1.3191	0.0975
1.32942	0.1025
1.38789	0.1075
1.85762	0.1125
1.86762	0.1175
1.8736	0.1225
1.88232	0.1275
2.10114	0.1325
2.10376	0.1375
2.10562	0.1425
2.11406	0.1475
2.12593	0.1525
2.13855	0.1575
2.39378	0.1625
2.41055	0.1675
2.42839	0.1725
2.87848	0.1775
3.76955	0.1825
3.99509	0.1875
4.54828	0.1925
5.18832	0.1975
6.13997	0.2025
6.46596	0.2075
6.65068	0.2125
7.17122	0.2175
7.24281	0.2225
8.26132	0.2275
8.82072	0.2325
9.41071	0.2375
10.6847	0.2425
10.8973	0.2475
11.9121	0.2525
12.8061	0.2575
13.285	0.2625
14.3765	0.2675
14.5323	0.2725
15.0471	0.2775
15.0485	0.2825
15.1528	0.2875
15.2617	0.2925
15.4352	0.2975
15.525	0.3025
15.9466	0.3075
16.0309	0.3125
16.7858	0.3175
17.5756	0.3225
17.741	0.3275
19.1281	0.3325
20.4968	0.3375
20.6864	0.3425
22.2023	0.3475
22.4271	0.3525
23.7323	0.3575
23.7852	0.3625
28.2527	0.3675
29.3885	0.3725
30.6386	0.3775
30.9043	0.3825
31.4548	0.3875
31.7946	0.3925
32.5689	0.3975
32.9029	0.4025
34.3711	0.4075
34.86	0.4125
35.6246	0.4175
36.2951	0.4225
36.7397	0.4275
37.8228	0.4325
38.1819	0.4375
38.2874	0.4425
38.4305	0.4475
38.5147	0.4525
38.9216	0.4575
38.9963	0.4625
39.3089	0.4675
39.3717	0.4725
39.6132	0.4775
40.9518	0.4825
43.4345	0.4875
43.5331	0.4925
44.357	0.4975
44.4264	0.5025
44.808	0.5075
45.4051	0.5125
45.8924	0.5175
46.1609	0.5225
46.2162	0.5275
46.2515	0.5325
46.3021	0.5375
46.7944	0.5425
47.4175	0.5475
48.6195	0.5525
49.0421	0.5575
50.4371	0.5625
50.506	0.5675
50.5522	0.5725
50.7877	0.5775
51.2257	0.5825
51.739	0.5875
52.3581	0.5925
52.3646	0.5975
52.7077	0.6025
53.0998	0.6075
53.3176	0.6125
54.0915	0.6175
54.2607	0.6225
54.3768	0.6275
55.2581	0.6325
55.4252	0.6375
55.9502	0.6425
57.0742	0.6475
57.7665	0.6525
58.333	0.6575
58.8514	0.6625
60.0692	0.6675
61.4303	0.6725
63.6281	0.6775
64.433	0.6825
65.599	0.6875
65.6374	0.6925
65.8365	0.6975
67.011	0.7025
67.4312	0.7075
67.6081	0.7125
68.0371	0.7175
72.0296	0.7225
75.1245	0.7275
76.6659	0.7325
76.7836	0.7375
77.2173	0.7425
78.3921	0.7475
78.6203	0.7525
79.285	0.7575
79.8623	0.7625
80.9105	0.7675
81.0431	0.7725
81.6327	0.7775
81.8899	0.7825
82.0926	0.7875
83.5986	0.7925
84.452	0.7975
84.6554	0.8025
85.2706	0.8075
87.308	0.8125
87.7309	0.8175
88.0801	0.8225
89.7639	0.8275
90.881	0.8325
93.0951	0.8375
93.4098	0.8425
93.5733	0.8475
93.9262	0.8525
94.3095	0.8575
95.2508	0.8625
96.8161	0.8675
99.0686	0.8725
99.2005	0.8775
101.075	0.8825
104.146	0.8875
104.894	0.8925
105.505	0.8975
106.679	0.9025
109.648	0.9075
114.203	0.9125
114.495	0.9175
116.047	0.9225
117.606	0.9275
118.767	0.9325
120.038	0.9375
125.144	0.9425
128.637	0.9475
139.764	0.9525
145.313	0.9575
147.276	0.9625
