0.495016	0.0025
0.495428	0.0075
0.500662	0.0125
0.500867	0.0175
0.511019	0.0225
0.531825	0.0275
0.758334	0.0325
0.768905	0.0375
0.77538	0.0425
0.784895	0.0475
0.801268	0.0525
1.024605	0.0575
1.072136	0.0625
1.289872	0.0675
1.327835	0.0725
1.334263	0.0775
1.334384	0.0825
1.335592	0.0875
1.339887	0.0925
1.558885	0.0975
1.572699	0.1025
1.5781	0.1075
1.601412	0.1125
1.612576	0.1175
1.617811	0.1225
1.625742	0.1275
1.810983	0.1325
1.828513	0.1375
2.115556	0.1425
2.236836	0.1475
2.239265	0.1525
2.40038	0.1575
2.420839	0.1625
2.439032	0.1675
2.669091	0.1725
2.728724	0.1775
2.735634	0.1825
3.00478	0.1875
3.460193	0.1925
3.473714	0.1975
3.960913	0.2025
4.218909	0.2075
4.229204	0.2125
4.329816	0.2175
4.340671	0.2225
4.695873	0.2275
4.895247	0.2325
5.382878	0.2375
5.984937	0.2425
6.528261	0.2475
6.569512	0.2525
6.747492	0.2575
6.776324	0.2625
7.184526	0.2675
7.9749	0.2725
8.393354	0.2775
8.529625	0.2825
8.673442	0.2875
8.806956	0.2925
9.213198	0.2975
9.52313	0.3025
10.33491	0.3075
11.09897	0.3125
11.11235	0.3175
11.68107	0.3225
12.38696	0.3275
12.42091	0.3325
14.93463	0.3375
15.16172	0.3425
15.4977	0.3475
15.78305	0.3525
15.81967	0.3575
16.45979	0.3625
17.41541	0.3675
19.00066	0.3725
20.11082	0.3775
21.35974	0.3825
21.5744	0.3875
26.35075	0.3925
26.56317	0.3975
27.92423	0.4025
30.00589	0.4075
30.07969	0.4125
30.32536	0.4175
31.33575	0.4225
32.57042	0.4275
33.01499	0.4325
33.50407	0.4375
33.56286	0.4425
33.71428	0.4475
34.80422	0.4525
35.06561	0.4575
35.59718	0.4625
35.89268	0.4675
36.63477	0.4725
37.87269	0.4775
38.94842	0.4825
39.39821	0.4875
40.50681	0.4925
41.4898	0.4975
42.14073	0.5025
42.24925	0.5075
42.38685	0.5125
42.51394	0.5175
42.99595	0.5225
44.27751	0.5275
44.29436	0.5325
44.61067	0.5375
47.77721	0.5425
48.46655	0.5475
48.47516	0.5525
48.67888	0.5575
48.78861	0.5625
49.97501	0.5675
49.99667	0.5725
50.17069	0.5775
52.00462	0.5825
53.34193	0.5875
53.37831	0.5925
54.66892	0.5975
55.39102	0.6025
64.17548	0.6075
66.22702	0.6125
67.16026	0.6175
68.85451	0.6225
68.87775	0.6275
69.20309	0.6325
69.46976	0.6375
69.88974	0.6425
70.27059	0.6475
71.12254	0.6525
71.30539	0.6575
71.31141	0.6625
71.58624	0.6675
74.23928	0.6725
75.56372	0.6775
75.9131	0.6825
76.28332	0.6875
77.22241	0.6925
77.55095	0.6975
80.28396	0.7025
80.29955	0.7075
80.79546	0.7125
82.24547	0.7175
82.91196	0.7225
85.06716	0.7275
86.68824	0.7325
87.4446	0.7375
87.99575	0.7425
88.61395	0.7475
88.71859	0.7525
89.75779	0.7575
90.02727	0.7625
90.21256	0.7675
90.70983	0.7725
98.03316	0.7775
98.60866	0.7825
99.55738	0.7875
100.5572	0.7925
100.718	0.7975
100.8197	0.8025
101.8042	0.8075
102.5653	0.8125
104.315	0.8175
106.7202	0.8225
107.1852	0.8275
108.1108	0.8325
108.5893	0.8375
108.6696	0.8425
108.691	0.8475
110.7447	0.8525
111.0863	0.8575
112.8682	0.8625
116.0987	0.8675
120.1541	0.8725
120.7683	0.8775
121.3601	0.8825
122.8124	0.8875
126.6929	0.8925
127.4545	0.8975
127.6279	0.9025
132.0417	0.9075
133.0396	0.9125
139.6362	0.9175
140.9124	0.9225
141.3111	0.9275
142.0857	0.9325
143.4757	0.9375
143.8957	0.9425
144.7467	0.9475
146.1127	0.9525
148.4555	0.9575
