0.477267
0.482177
0.488363
0.489178
0.492449
0.494553
0.747101
0.751544
0.753135
0.758563
0.75955
0.761571
0.765786
0.766243
0.767768
0.773002
1.027387
1.029327
1.049222
1.270848
1.282281
1.288532
1.293724
1.295187
1.297413
1.306634
1.309893
1.545717
1.554808
1.580537
1.823275
2.086516
2.100017
2.107646
2.111119
2.322894
2.345517
2.624709
2.876778
2.906112
3.411224
3.422859
3.431446
3.649627
3.676398
3.96482
4.275804
4.754674
4.862293
5.903324
6.09462
6.907958
8.193914
8.962662
9.264964
9.265994
9.29899
10.03455
10.62529
11.72947
11.78404
11.91713
11.96233
12.17367
12.44282
13.31387
13.33841
14.28268
14.37331
15.14860
15.57007
15.67157
16.15960
16.20261
16.38183
19.15409
19.39405
20.18485
20.34948
20.35720
21.19574
21.30244
22.05459
22.32964
22.59000
23.70135
23.83734
24.71636
24.86744
24.88486
25.46229
26.09161
26.39417
26.67100
27.13229
27.29778
27.64616
27.95745
28.13195
28.16789
28.30459
28.99633
29.01988
30.09800
30.5318	
30.72750
30.86822
30.99948
31.30535
32.12155
32.20655
32.41864
32.98372
33.60249
33.67704
33.68363
33.71496
34.20999
34.32846
35.45494
36.13866
36.24316
36.56505
36.65002
36.65760
37.40284
37.52144
38.29084
38.82566
38.85176
39.25889
39.53218
39.64393
39.88719
40.31536
41.44313
41.58216
42.13011
42.32006
43.14974
43.37038
44.13295
44.28646
44.28935
44.50961
45.61575
45.77625
46.10350
46.48036
46.73448
46.80567
47.23420
47.54025
48.36912
50.53181
51.99701
52.46791
52.58831
53.99415
55.42509
55.67967
56.97983
56.99627
57.87036
58.00797
58.28258
58.41280
59.61623
59.66029
60.95201
62.45167
64.89794
65.01738
66.9994
69.81630
70.02001
70.16502
70.37682
71.10160
72.76843
75.28781
78.16361
79.67244
80.88288
80.89918
83.70987
85.25461
85.28096
86.88186
89.39471
90.5481
94.20378
99.04543
100.4153
102.8715
104.2602
109.5598
111.1872
116.6098
129.7073