0.48114
0.50163
0.52375
0.75134
0.75527
0.75701
0.76062
0.76279
0.76351
0.76838
0.78168
1.02997
1.03495
1.03623
1.03994
1.30099
1.30486
1.30839
1.31347
1.31910
1.32942
1.38789
1.85762
1.86762
1.87360
1.88232
2.10114
2.10376
2.10562
2.11406
2.12593
2.13855
2.39378
2.41055
2.42839
2.87848
3.76955
3.99509
4.54828
5.18832
6.13997
6.46596
6.65068
7.17122
7.24281
8.26132
8.82072
9.41071
10.6847
10.8973
11.9121
12.8061
13.2850
14.3765
14.5323
15.0471
15.0485
15.1528
15.2617
15.4352
15.5250
15.9466
16.0309
16.7858
17.5756
17.7410
19.1281
20.4968
20.6864
22.2023
22.4271
23.7323
23.7852
28.2527
29.3885
30.6386
30.9043
31.4548
31.7946
32.5689
32.9029
34.3711
34.8600
35.6246
36.2951
36.7397
37.8228
38.1819
38.2874
38.4305
38.5147
38.9216
38.9963
39.3089
39.3717
39.6132
40.9518
43.4345
43.5331
44.3570
44.4264
44.8080
45.4051
45.8924
46.1609
46.2162
46.2515
46.3021
46.7944
47.4175
48.6195
49.0421
50.4371
50.5060
50.5522
50.7877
51.2257
51.7390
52.3581
52.3646
52.7077
53.0998
53.3176
54.0915
54.2607
54.3768
55.2581
55.4252
55.9502
57.0742
57.7665
58.3330
58.8514
60.0692
61.4303
63.6281
64.4330
65.5990
65.6374
65.8365
67.0110
67.4312
67.6081
68.0371
72.0296
75.1245
76.6659
76.7836
77.2173
78.3921
78.6203
79.2850
79.8623
80.9105
81.0431
81.6327
81.8899
82.0926
83.5986
84.4520
84.6554
85.2706
87.3080
87.7309
88.0801
89.7639
90.8810
93.0951
93.4098
93.5733
93.9262
94.3095
95.2508
96.8161
99.0686
99.2005
101.075
104.146
104.894
105.505
106.679
109.648
114.203
114.495
116.047
117.606
118.767
120.038
125.144
128.637
139.764
145.313
147.276