0.478758
0.484103
0.491336
0.496648
0.498341
0.498364
0.500037
0.502611
0.506028
0.521
0.754354
0.761327
0.763885
0.763885
0.774632
0.783622
0.78407
0.791024
1.014997
1.034364
1.03653
1.03769
1.038195
1.052541
1.053638
1.29643
1.297636
1.303391
1.307096
1.340057
1.835301
2.114002
2.115814
2.116437
2.364967
2.404481
2.426039
2.426805
2.641139
2.928597
2.95719
3.18987
3.519719
3.742629
3.970674
4.036982
4.260851
4.55593
4.806921
4.811394
5.352976
6.138938
6.154754
6.677011
6.732275
7.532297
7.544283
7.736701
8.355477
8.586296
8.97419
9.203092
9.403824
10.1725
11.408436
12.113964
12.341491
12.60172
12.905747
12.925211
13.18566
13.387282
13.568957
13.641381
15.086776
15.106285
15.323862
16.721444
20.473478
21.175163
21.814617
22.741098
22.982389
24.918691
26.654367
27.998633
30.141156
32.752935
33.787653
34.001805
34.751207
34.957588
36.009414
38.919669
41.701364
42.534075
43.438924
43.500066
43.76696
44.69357
45.281694
45.58469
45.921277
46.429175
47.328173
48.302654
48.566134
48.808277
50.630766
52.610645
52.657945
52.894083
54.969591
58.132192
58.289387
60.606453
62.103465
62.842325
62.915689
63.217533
66.99556
67.771681
68.05948
68.55184
68.59618
68.925216
69.292914
71.929943
73.23925
73.888447
74.55247
74.724618
79.684458
80.850279
82.073732
85.072006
85.735972
86.835309
86.91527
89.200232
89.332294
93.589191
95.048949
97.152791
97.564892
102.048301
102.566591
104.040471
104.217414
105.220084
105.836688
107.191949
107.833804
108.950124
111.829531
112.641004
113.552019
114.3097
117.389493
118.393135
119.796319
120.076523
121.771409
123.362663
123.690392
125.446588
125.782812
126.925733
130.528615
131.61053
136.744424
137.188584
137.54873
137.835765
145.099477
145.857226
149.554166