0.490341	0.0025
0.499382	0.0075
0.502635	0.0125
0.766859	0.0175
0.771792	0.0225
0.777071	0.0275
0.781222	0.0325
1.033967	0.0375
1.046622	0.0425
1.049996	0.0475
1.050117	0.0525
1.052347	0.0575
1.05301	0.0625
1.058498	0.0675
1.317546	0.0725
1.324613	0.0775
1.568576	0.0825
1.589966	0.0875
1.835222	0.0925
1.862712	0.0975
1.886614	0.1025
2.39024	0.1075
2.415274	0.1125
2.415693	0.1175
2.415755	0.1225
2.432419	0.1275
2.655097	0.1325
2.674339	0.1375
3.47136	0.1425
3.476855	0.1475
3.500704	0.1525
3.502727	0.1575
3.517973	0.1625
3.782564	0.1675
4.042783	0.1725
4.869363	0.1775
5.657197	0.1825
6.697893	0.1875
7.077399	0.1925
8.110645	0.1975
8.15087	0.2025
8.38591	0.2075
8.593307	0.2125
8.609536	0.2175
8.675028	0.2225
8.908864	0.2275
8.927521	0.2325
9.712361	0.2375
9.998153	0.2425
10.013023	0.2475
10.782935	0.2525
11.375329	0.2575
12.39408	0.2625
12.776716	0.2675
12.982247	0.2725
14.170411	0.2775
15.661815	0.2825
18.446748	0.2875
18.68993	0.2925
23.665132	0.2975
25.301839	0.3025
26.147211	0.3075
26.996242	0.3125
28.092681	0.3175
28.171803	0.3225
28.309574	0.3275
29.76086	0.3325
30.208811	0.3375
30.526685	0.3425
31.186117	0.3475
31.25716	0.3525
31.902094	0.3575
35.569753	0.3625
37.755468	0.3675
38.497885	0.3725
38.736653	0.3775
39.298032	0.3825
39.328137	0.3875
40.159716	0.3925
43.132437	0.3975
43.329538	0.4025
48.187189	0.4075
49.004203	0.4125
49.024368	0.4175
49.265103	0.4225
51.618613	0.4275
52.346196	0.4325
53.118335	0.4375
53.18265	0.4425
57.054724	0.4475
57.865412	0.4525
58.458985	0.4575
58.52746	0.4625
59.204502	0.4675
59.843313	0.4725
61.688985	0.4775
61.916408	0.4825
61.978681	0.4875
63.417922	0.4925
64.132227	0.4975
64.877879	0.5025
65.50419	0.5075
65.580879	0.5125
65.662749	0.5175
69.317562	0.5225
69.833916	0.5275
72.448161	0.5325
72.79407	0.5375
73.556374	0.5425
77.909598	0.5475
78.814551	0.5525
80.503045	0.5575
85.432281	0.5625
90.572227	0.5675
91.279106	0.5725
91.898541	0.5775
93.463743	0.5825
97.053327	0.5875
98.347032	0.5925
98.488019	0.5975
98.585826	0.6025
98.722977	0.6075
98.892608	0.6125
100.526783	0.6175
101.172316	0.6225
102.279086	0.6275
102.809507	0.6325
103.436359	0.6375
103.535633	0.6425
104.162527	0.6475
104.370222	0.6525
106.454738	0.6575
106.713209	0.6625
107.609568	0.6675
108.0545	0.6725
112.316999	0.6775
116.790147	0.6825
116.918723	0.6875
121.420145	0.6925
121.787326	0.6975
121.840372	0.7025
122.682253	0.7075
123.062276	0.7125
123.428477	0.7175
124.249989	0.7225
124.746554	0.7275
126.979235	0.7325
127.282377	0.7375
127.59739	0.7425
129.816407	0.7475
132.776108	0.7525
133.59586	0.7575
133.914738	0.7625
134.291038	0.7675
135.996594	0.7725
140.443816	0.7775
141.506019	0.7825
141.587746	0.7875
142.96538	0.7925
145.050682	0.7975
145.544285	0.8025
148.72165	0.8075
