0.477267	0.0025
0.482177	0.0075
0.488363	0.0125
0.489178	0.0175
0.492449	0.0225
0.494553	0.0275
0.747101	0.0325
0.751544	0.0375
0.753135	0.0425
0.758563	0.0475
0.75955	0.0525
0.761571	0.0575
0.765786	0.0625
0.766243	0.0675
0.767768	0.0725
0.773002	0.0775
1.027387	0.0825
1.029327	0.0875
1.049222	0.0925
1.270848	0.0975
1.282281	0.1025
1.288532	0.1075
1.293724	0.1125
1.295187	0.1175
1.297413	0.1225
1.306634	0.1275
1.309893	0.1325
1.545717	0.1375
1.554808	0.1425
1.580537	0.1475
1.823275	0.1525
2.086516	0.1575
2.100017	0.1625
2.107646	0.1675
2.111119	0.1725
2.322894	0.1775
2.345517	0.1825
2.624709	0.1875
2.876778	0.1925
2.906112	0.1975
3.411224	0.2025
3.422859	0.2075
3.431446	0.2125
3.649627	0.2175
3.676398	0.2225
3.96482	0.2275
4.275804	0.2325
4.754674	0.2375
4.862293	0.2425
5.903324	0.2475
6.09462	0.2525
6.907958	0.2575
8.193914	0.2625
8.962662	0.2675
9.264964	0.2725
9.265994	0.2775
9.29899	0.2825
10.03455	0.2875
10.62529	0.2925
11.72947	0.2975
11.78404	0.3025
11.91713	0.3075
11.96233	0.3125
12.17367	0.3175
12.44282	0.3225
13.31387	0.3275
13.33841	0.3325
14.28268	0.3375
14.37331	0.3425
15.1486	0.3475
15.57007	0.3525
15.67157	0.3575
16.1596	0.3625
16.20261	0.3675
16.38183	0.3725
19.15409	0.3775
19.39405	0.3825
20.18485	0.3875
20.34948	0.3925
20.3572	0.3975
21.19574	0.4025
21.30244	0.4075
22.05459	0.4125
22.32964	0.4175
22.59	0.4225
23.70135	0.4275
23.83734	0.4325
24.71636	0.4375
24.86744	0.4425
24.88486	0.4475
25.46229	0.4525
26.09161	0.4575
26.39417	0.4625
26.671	0.4675
27.13229	0.4725
27.29778	0.4775
27.64616	0.4825
27.95745	0.4875
28.13195	0.4925
28.16789	0.4975
28.30459	0.5025
28.99633	0.5075
29.01988	0.5125
30.098	0.5175
30.5318	0.5225
30.7275	0.5275
30.86822	0.5325
30.99948	0.5375
31.30535	0.5425
32.12155	0.5475
32.20655	0.5525
32.41864	0.5575
32.98372	0.5625
33.60249	0.5675
33.67704	0.5725
33.68363	0.5775
33.71496	0.5825
34.20999	0.5875
34.32846	0.5925
35.45494	0.5975
36.13866	0.6025
36.24316	0.6075
36.56505	0.6125
36.65002	0.6175
36.6576	0.6225
37.40284	0.6275
37.52144	0.6325
38.29084	0.6375
38.82566	0.6425
38.85176	0.6475
39.25889	0.6525
39.53218	0.6575
39.64393	0.6625
39.88719	0.6675
40.31536	0.6725
41.44313	0.6775
41.58216	0.6825
42.13011	0.6875
42.32006	0.6925
43.14974	0.6975
43.37038	0.7025
44.13295	0.7075
44.28646	0.7125
44.28935	0.7175
44.50961	0.7225
45.61575	0.7275
45.77625	0.7325
46.1035	0.7375
46.48036	0.7425
46.73448	0.7475
46.80567	0.7525
47.2342	0.7575
47.54025	0.7625
48.36912	0.7675
50.53181	0.7725
51.99701	0.7775
52.46791	0.7825
52.58831	0.7875
53.99415	0.7925
55.42509	0.7975
55.67967	0.8025
56.97983	0.8075
56.99627	0.8125
57.87036	0.8175
58.00797	0.8225
58.28258	0.8275
58.4128	0.8325
59.61623	0.8375
59.66029	0.8425
60.95201	0.8475
62.45167	0.8525
64.89794	0.8575
65.01738	0.8625
66.9994	0.8675
69.8163	0.8725
70.02001	0.8775
70.16502	0.8825
70.37682	0.8875
71.1016	0.8925
72.76843	0.8975
75.28781	0.9025
78.16361	0.9075
79.67244	0.9125
80.88288	0.9175
80.89918	0.9225
83.70987	0.9275
85.25461	0.9325
85.28096	0.9375
86.88186	0.9425
89.39471	0.9475
90.5481	0.9525
94.20378	0.9575
99.04543	0.9625
100.4153	0.9675
102.8715	0.9725
104.2602	0.9775
109.5598	0.9825
111.1872	0.9875
116.6098	0.9925
129.7073	0.9975
