0.495016
0.495428
0.500662
0.500867
0.511019
0.531825
0.758334
0.768905
0.77538
0.784895
0.801268
1.024605
1.072136
1.289872
1.327835
1.334263
1.334384
1.335592
1.339887
1.558885
1.572699
1.5781
1.601412
1.612576
1.617811
1.625742
1.810983
1.828513
2.115556
2.236836
2.239265
2.40038	
2.420839
2.439032
2.669091
2.728724
2.735634
3.00478
3.460193
3.473714
3.960913
4.218909
4.229204
4.329816
4.340671
4.695873
4.895247
5.382878
5.984937
6.528261
6.569512
6.747492
6.776324
7.184526
7.9749
8.393354
8.529625
8.673442
8.806956
9.213198
9.52313
10.33491
11.09897
11.11235
11.68107
12.38696
12.42091
14.93463
15.16172
15.49770
15.78305
15.81967
16.45979
17.41541
19.00066
20.11082
21.35974
21.57440
26.35075
26.56317
27.92423
30.00589
30.07969
30.32536
31.33575
32.57042
33.01499
33.50407
33.56286
33.71428
34.80422
35.06561
35.59718
35.89268
36.63477
37.87269
38.94842
39.39821
40.50681
41.48980
42.14073
42.24925
42.38685
42.51394
42.99595
44.27751
44.29436
44.61067
47.77721
48.46655
48.47516
48.67888
48.78861
49.97501
49.99667
50.17069
52.00462
53.34193
53.37831
54.66892
55.39102
64.17548
66.22702
67.16026
68.85451
68.87775
69.20309
69.46976
69.88974
70.27059
71.12254
71.30539
71.31141
71.58624
74.23928
75.56372
75.91310
76.28332
77.22241
77.55095
80.28396
80.29955
80.79546
82.24547
82.91196
85.06716
86.68824
87.44460
87.99575
88.61395
88.71859
89.75779
90.02727
90.21256
90.70983
98.03316
98.60866
99.55738
100.5572
100.7180
100.8197
101.8042
102.5653
104.3150
106.7202
107.1852
108.1108
108.5893
108.6696
108.6910
110.7447
111.0863
112.8682
116.0987
120.1541
120.7683
121.3601
122.8124
126.6929
127.4545
127.6279
132.0417
133.0396
139.6362
140.9124
141.3111
142.0857
143.4757
143.8957
144.7467
146.1127
148.4555