149.5318
147.4910
146.2531
144.1440
141.2042
140.9972
140.6115
137.3445
136.1820
134.7927
132.9250
132.5494
130.5312
130.1826
127.9209
127.5696
125.9096
125.1733
123.3233
123.2350
122.7883
120.2936
119.6834
119.3026
118.9503
118.7149
116.7165
115.6967
115.6667
115.5785
114.5929
114.1673
113.6242
111.6554
110.2637
107.8517
105.8785
103.5468
103.4477
103.3619
100.7752
100.5781
100.3040
100.0138
94.90648
94.44134
93.94800
93.49847
93.40829
92.65620
92.38504
91.84324
90.75583
90.2278	
87.14653
86.27957
85.77561
84.77475
81.94881
78.87528
78.74654
78.49173
78.21594
77.77076
75.4253	
74.07428
73.30076
71.81744
70.94527
70.57863
70.06134
69.88273
69.21710
68.19611
66.77885
66.65156
66.24120
64.59066
62.47003
61.38724
60.41595
59.17735
58.34378
57.25245
56.30711
54.73195
52.44572
51.80304
48.29945
48.00673
47.57486
47.25220
47.09445
46.25330
45.62630
44.92545
43.92549
42.31055
42.30022
41.93288
41.66785
38.86608
38.10787
38.00107
36.97757
36.23717
35.37187
33.92010
33.74556
31.50524
30.88237
29.46230
28.40347
28.32395
27.19559
26.32910
25.33573
22.30948
22.14607
20.82382
19.59399
19.43404
18.69530
18.01057
16.08735
15.05040
14.54209
14.25770
12.09501
11.37624
10.13040
10.03604
8.612592
6.666176
6.615626
6.043621
5.122951
4.0221
3.410847
3.328112
2.637219
2.139187
1.969948
1.969795
1.544744
0.876217
0.78035
0.6825
0.370264
0.276473
0.274954