149.2631
148.9419
148.2921
148.2181
148.1494
148.1072
147.2748
144.9863
135.6143
134.6420
134.3318
133.5197
132.7339
130.8166
129.7531
128.0518
127.7734
126.6930
126.2778
124.6460
124.3966
124.3788
122.7335
121.4970
121.2173
119.7404
118.9207
117.8968
116.0757
114.0341
113.2309
109.5150
107.7619
107.7095
106.9387
106.3372
106.0197
105.3981
105.2574
104.9779
104.6299
103.7460
101.2773
100.7221
100.0157
99.63625
99.16848
98.85628
98.53469
97.51381
97.48425
96.58692
96.21966
90.62615
90.51334
90.26413
90.08446
89.04053
88.44437
87.84298
87.03090
86.86066
86.41026
85.62267
84.82886
82.11764
81.06783
79.87826
79.51534
78.38973
77.33682
76.87495
76.44332
76.15330
75.38030
74.46769
74.41115
72.43050
72.21535
71.28897
71.26096
69.25880
67.65786
66.93822
65.12402
63.23181
62.05094
61.42803
61.04961
59.38834
59.17369
58.43042
57.74580
57.39604
57.20853
56.93579
55.31269
54.26367
53.86825
53.70403
52.20137
52.18086
52.12779
50.05782
48.31920
47.81153
46.59843
41.96989
40.50712
37.26279
36.31470
31.56429
30.00107
29.88874
27.52943
26.14716
25.43000
25.41919
24.60047
24.49
24.19394
22.80221
21.02094
20.93886
20.67344
20.00151
19.23829
18.94831
18.58690
17.18883
16.47454
16.21034
14.87109
14.23293
11.87656
11.08042
7.288125
5.850597
5.255761
5.021772
4.456093
4.074438
2.526217
2.046525
1.766762
1.156022
0.659492
0.566638
0.48372
0.37975
0.373077
0.279077
0.177269