0.179782	0.003048780487804878
0.273132	0.009146341463414634
0.369622	0.01524390243902439
0.373804	0.021341463414634148
0.568505	0.027439024390243903
0.756914	0.03353658536585366
0.865658	0.039634146341463415
1.479543	0.04573170731707317
1.739616	0.051829268292682924
1.779836	0.057926829268292686
2.027799	0.06402439024390244
2.515852	0.0701219512195122
2.569529	0.07621951219512195
3.66194	0.08231707317073171
4.297817	0.08841463414634146
5.756614	0.09451219512195122
6.131122	0.10060975609756098
6.506769	0.10670731707317073
7.593871	0.11280487804878049
7.700591	0.11890243902439024
8.294597	0.125
9.239601	0.13109756097560976
10.49807	0.13719512195121952
14.70774	0.14329268292682926
16.10944	0.14939024390243902
17.54052	0.15548780487804878
18.90424	0.16158536585365854
19.613	0.1676829268292683
21.94429	0.17378048780487804
22.43294	0.1798780487804878
22.80253	0.18597560975609756
25.88247	0.19207317073170732
26.44912	0.19817073170731708
26.92108	0.20426829268292682
35.13033	0.21036585365853658
36.43418	0.21646341463414634
37.31813	0.2225609756097561
38.20771	0.22865853658536586
39.22413	0.2347560975609756
39.60683	0.24085365853658536
40.08845	0.24695121951219512
40.58598	0.2530487804878049
41.60318	0.25914634146341464
43.67354	0.2652439024390244
44.41458	0.27134146341463417
44.98531	0.2774390243902439
46.32049	0.28353658536585363
47.13222	0.2896341463414634
47.48744	0.29573170731707316
49.30811	0.3018292682926829
49.43497	0.3079268292682927
52.28281	0.31402439024390244
52.36137	0.3201219512195122
53.7279	0.32621951219512196
55.68456	0.3323170731707317
55.85925	0.3384146341463415
55.99011	0.3445121951219512
56.29987	0.35060975609756095
56.49425	0.3567073170731707
56.83869	0.3628048780487805
57.30777	0.36890243902439024
58.95978	0.375
59.18072	0.38109756097560976
59.20212	0.3871951219512195
61.23824	0.3932926829268293
62.4884	0.39939024390243905
63.17251	0.4054878048780488
63.71677	0.4115853658536585
63.74095	0.4176829268292683
65.6088	0.42378048780487804
68.40053	0.4298780487804878
71.06461	0.43597560975609756
71.20806	0.4420731707317073
71.71041	0.4481707317073171
76.057	0.45426829268292684
76.76046	0.4603658536585366
77.18741	0.46646341463414637
77.40067	0.4725609756097561
77.46215	0.47865853658536583
78.13567	0.4847560975609756
78.94536	0.49085365853658536
79.05238	0.4969512195121951
79.2722	0.5030487804878049
80.47642	0.5091463414634146
80.82237	0.5152439024390244
83.9693	0.5213414634146342
85.41917	0.5274390243902439
87.69061	0.5335365853658537
88.0546	0.5396341463414634
88.08688	0.5457317073170732
88.23244	0.551829268292683
88.24785	0.5579268292682927
88.30285	0.5640243902439024
89.35777	0.5701219512195121
91.13358	0.5762195121951219
91.25442	0.5823170731707317
92.97047	0.5884146341463414
93.36901	0.5945121951219512
94.41245	0.600609756097561
95.1366	0.6067073170731707
98.75861	0.6128048780487805
99.84326	0.6189024390243902
100.6641	0.625
101.5784	0.6310975609756098
102.6282	0.6371951219512195
103.1469	0.6432926829268293
104.8038	0.649390243902439
106.3695	0.6554878048780488
106.7773	0.6615853658536586
107.9471	0.6676829268292683
107.9875	0.6737804878048781
108.7216	0.6798780487804879
109.0451	0.6859756097560976
109.4951	0.6920731707317073
110.3086	0.698170731707317
111.1962	0.7042682926829268
112.5566	0.7103658536585366
112.8602	0.7164634146341463
113.8167	0.7225609756097561
114.6744	0.7286585365853658
117.6499	0.7347560975609756
117.6635	0.7408536585365854
119.3594	0.7469512195121951
120.6402	0.7530487804878049
120.924	0.7591463414634146
121.7963	0.7652439024390244
122.1922	0.7713414634146342
125.2264	0.7774390243902439
127.439	0.7835365853658537
127.4791	0.7896341463414634
128.0492	0.7957317073170732
129.8483	0.801829268292683
132.005	0.8079268292682927
134.24	0.8140243902439024
134.5002	0.8201219512195121
135.3435	0.8262195121951219
136.1958	0.8323170731707317
138.33	0.8384146341463414
139.5531	0.8445121951219512
139.836	0.850609756097561
141.7525	0.8567073170731707
142.7725	0.8628048780487805
143.8592	0.8689024390243902
144.7346	0.875
145.0105	0.8810975609756098
146.7523	0.8871951219512195
147.8004	0.8932926829268293
