0.182097	0.003048780487804878
0.182294	0.009146341463414634
0.283212	0.01524390243902439
0.696041	0.021341463414634148
0.698361	0.027439024390243903
0.791884	0.03353658536585366
0.893372	0.039634146341463415
1.320756	0.04573170731707317
1.710187	0.051829268292682924
1.721459	0.057926829268292686
1.739263	0.06402439024390244
3.670241	0.0701219512195122
3.829784	0.07621951219512195
4.564065	0.08231707317073171
4.800516	0.08841463414634146
5.201322	0.09451219512195122
5.371428	0.10060975609756098
5.430872	0.10670731707317073
6.215491	0.11280487804878049
7.173033	0.11890243902439024
7.710565	0.125
8.396695	0.13109756097560976
10.929307	0.13719512195121952
11.85574	0.14329268292682926
12.46596	0.14939024390243902
15.207451	0.15548780487804878
15.85299	0.16158536585365854
15.951617	0.1676829268292683
16.005049	0.17378048780487804
16.18763	0.1798780487804878
16.811218	0.18597560975609756
17.957936	0.19207317073170732
21.003765	0.19817073170731708
21.69543	0.20426829268292682
22.020049	0.21036585365853658
22.404675	0.21646341463414634
24.013361	0.2225609756097561
24.405476	0.22865853658536586
26.295584	0.2347560975609756
26.381935	0.24085365853658536
26.813717	0.24695121951219512
27.927369	0.2530487804878049
31.008726	0.25914634146341464
32.470276	0.2652439024390244
33.21401	0.27134146341463417
34.400886	0.2774390243902439
35.591303	0.28353658536585363
37.579468	0.2896341463414634
37.664404	0.29573170731707316
39.065168	0.3018292682926829
40.960514	0.3079268292682927
42.803517	0.31402439024390244
43.257833	0.3201219512195122
44.130445	0.32621951219512196
45.354979	0.3323170731707317
46.196228	0.3384146341463415
46.203568	0.3445121951219512
46.481609	0.35060975609756095
46.684402	0.3567073170731707
46.805916	0.3628048780487805
52.03683	0.36890243902439024
52.719572	0.375
53.517162	0.38109756097560976
55.188569	0.3871951219512195
55.768495	0.3932926829268293
55.966305	0.39939024390243905
56.063451	0.4054878048780488
56.857798	0.4115853658536585
58.206126	0.4176829268292683
60.651675	0.42378048780487804
60.860431	0.4298780487804878
62.926685	0.43597560975609756
62.987824	0.4420731707317073
62.988997	0.4481707317073171
63.46815	0.45426829268292684
63.843096	0.4603658536585366
65.58826	0.46646341463414637
66.155915	0.4725609756097561
66.93473	0.47865853658536583
67.496474	0.4847560975609756
70.515017	0.49085365853658536
70.668869	0.4969512195121951
71.557094	0.5030487804878049
71.656113	0.5091463414634146
72.683591	0.5152439024390244
73.981006	0.5213414634146342
74.490526	0.5274390243902439
74.71125	0.5335365853658537
74.848538	0.5396341463414634
75.688423	0.5457317073170732
77.070476	0.551829268292683
77.382215	0.5579268292682927
79.540663	0.5640243902439024
80.661592	0.5701219512195121
81.345439	0.5762195121951219
82.133466	0.5823170731707317
82.624072	0.5884146341463414
83.025404	0.5945121951219512
83.030114	0.600609756097561
83.170229	0.6067073170731707
83.736466	0.6128048780487805
85.788386	0.6189024390243902
86.734013	0.625
88.63386	0.6310975609756098
88.782243	0.6371951219512195
92.264487	0.6432926829268293
92.705709	0.649390243902439
95.205776	0.6554878048780488
96.120238	0.6615853658536586
97.750183	0.6676829268292683
97.979999	0.6737804878048781
98.299426	0.6798780487804879
99.9538	0.6859756097560976
100.674221	0.6920731707317073
100.929724	0.698170731707317
103.282912	0.7042682926829268
105.224121	0.7103658536585366
106.863097	0.7164634146341463
107.555565	0.7225609756097561
108.597936	0.7286585365853658
108.891468	0.7347560975609756
109.354387	0.7408536585365854
113.235108	0.7469512195121951
113.450883	0.7530487804878049
113.634357	0.7591463414634146
116.959785	0.7652439024390244
118.460382	0.7713414634146342
119.295667	0.7774390243902439
119.349398	0.7835365853658537
122.741407	0.7896341463414634
123.168344	0.7957317073170732
123.597407	0.801829268292683
126.88183	0.8079268292682927
129.102462	0.8140243902439024
130.806487	0.8201219512195121
131.411955	0.8262195121951219
131.666751	0.8323170731707317
131.831978	0.8384146341463414
132.457905	0.8445121951219512
133.966759	0.850609756097561
134.035126	0.8567073170731707
135.586557	0.8628048780487805
136.535419	0.8689024390243902
139.910555	0.875
140.226894	0.8810975609756098
141.926189	0.8871951219512195
142.875113	0.8932926829268293
143.689203	0.899390243902439
144.651942	0.9054878048780488
145.168365	0.9115853658536586
145.651535	0.9176829268292683
146.481601	0.9237804878048781
149.223614	0.9298780487804879
149.413595	0.9359756097560976
149.962473	0.9420731707317073
