0.177269	0.003048780487804878
0.279077	0.009146341463414634
0.373077	0.01524390243902439
0.37975	0.021341463414634148
0.48372	0.027439024390243903
0.566638	0.03353658536585366
0.659492	0.039634146341463415
1.156022	0.04573170731707317
1.766762	0.051829268292682924
2.046525	0.057926829268292686
2.526217	0.06402439024390244
4.074438	0.0701219512195122
4.456093	0.07621951219512195
5.021772	0.08231707317073171
5.255761	0.08841463414634146
5.850597	0.09451219512195122
7.288125	0.10060975609756098
11.08042	0.10670731707317073
11.87656	0.11280487804878049
14.23293	0.11890243902439024
14.87109	0.125
16.21034	0.13109756097560976
16.47454	0.13719512195121952
17.18883	0.14329268292682926
18.5869	0.14939024390243902
18.94831	0.15548780487804878
19.23829	0.16158536585365854
20.00151	0.1676829268292683
20.67344	0.17378048780487804
20.93886	0.1798780487804878
21.02094	0.18597560975609756
22.80221	0.19207317073170732
24.19394	0.19817073170731708
24.49	0.20426829268292682
24.60047	0.21036585365853658
25.41919	0.21646341463414634
25.43	0.2225609756097561
26.14716	0.22865853658536586
27.52943	0.2347560975609756
29.88874	0.24085365853658536
30.00107	0.24695121951219512
31.56429	0.2530487804878049
36.3147	0.25914634146341464
37.26279	0.2652439024390244
40.50712	0.27134146341463417
41.96989	0.2774390243902439
46.59843	0.28353658536585363
47.81153	0.2896341463414634
48.3192	0.29573170731707316
50.05782	0.3018292682926829
52.12779	0.3079268292682927
52.18086	0.31402439024390244
52.20137	0.3201219512195122
53.70403	0.32621951219512196
53.86825	0.3323170731707317
54.26367	0.3384146341463415
55.31269	0.3445121951219512
56.93579	0.35060975609756095
57.20853	0.3567073170731707
57.39604	0.3628048780487805
57.7458	0.36890243902439024
58.43042	0.375
59.17369	0.38109756097560976
59.38834	0.3871951219512195
61.04961	0.3932926829268293
61.42803	0.39939024390243905
62.05094	0.4054878048780488
63.23181	0.4115853658536585
65.12402	0.4176829268292683
66.93822	0.42378048780487804
67.65786	0.4298780487804878
69.2588	0.43597560975609756
71.26096	0.4420731707317073
71.28897	0.4481707317073171
72.21535	0.45426829268292684
72.4305	0.4603658536585366
74.41115	0.46646341463414637
74.46769	0.4725609756097561
75.3803	0.47865853658536583
76.1533	0.4847560975609756
76.44332	0.49085365853658536
76.87495	0.4969512195121951
77.33682	0.5030487804878049
78.38973	0.5091463414634146
79.51534	0.5152439024390244
79.87826	0.5213414634146342
81.06783	0.5274390243902439
82.11764	0.5335365853658537
84.82886	0.5396341463414634
85.62267	0.5457317073170732
86.41026	0.551829268292683
86.86066	0.5579268292682927
87.0309	0.5640243902439024
87.84298	0.5701219512195121
88.44437	0.5762195121951219
89.04053	0.5823170731707317
90.08446	0.5884146341463414
90.26413	0.5945121951219512
90.51334	0.600609756097561
90.62615	0.6067073170731707
96.21966	0.6128048780487805
96.58692	0.6189024390243902
97.48425	0.625
97.51381	0.6310975609756098
98.53469	0.6371951219512195
98.85628	0.6432926829268293
99.16848	0.649390243902439
99.63625	0.6554878048780488
100.0157	0.6615853658536586
100.7221	0.6676829268292683
101.2773	0.6737804878048781
103.746	0.6798780487804879
104.6299	0.6859756097560976
104.9779	0.6920731707317073
105.2574	0.698170731707317
105.3981	0.7042682926829268
106.0197	0.7103658536585366
106.3372	0.7164634146341463
106.9387	0.7225609756097561
107.7095	0.7286585365853658
107.7619	0.7347560975609756
109.515	0.7408536585365854
113.2309	0.7469512195121951
114.0341	0.7530487804878049
116.0757	0.7591463414634146
117.8968	0.7652439024390244
118.9207	0.7713414634146342
119.7404	0.7774390243902439
121.2173	0.7835365853658537
121.497	0.7896341463414634
122.7335	0.7957317073170732
124.3788	0.801829268292683
124.3966	0.8079268292682927
124.646	0.8140243902439024
126.2778	0.8201219512195121
126.693	0.8262195121951219
127.7734	0.8323170731707317
128.0518	0.8384146341463414
129.7531	0.8445121951219512
130.8166	0.850609756097561
132.7339	0.8567073170731707
133.5197	0.8628048780487805
134.3318	0.8689024390243902
134.642	0.875
135.6143	0.8810975609756098
144.9863	0.8871951219512195
147.2748	0.8932926829268293
148.1072	0.899390243902439
148.1494	0.9054878048780488
148.2181	0.9115853658536586
148.2921	0.9176829268292683
148.9419	0.9237804878048781
149.2631	0.9298780487804879
