0.180424	0.003048780487804878
0.276269	0.009146341463414634
0.37659	0.01524390243902439
0.381991	0.021341463414634148
0.576883	0.027439024390243903
0.674363	0.03353658536585366
0.774618	0.039634146341463415
0.867252	0.04573170731707317
1.442606	0.051829268292682924
1.44856	0.057926829268292686
2.215503	0.06402439024390244
2.342419	0.0701219512195122
2.516259	0.07621951219512195
3.491216	0.08231707317073171
3.516508	0.08841463414634146
3.715713	0.09451219512195122
3.799246	0.10060975609756098
4.095766	0.10670731707317073
5.091155	0.11280487804878049
5.584334	0.11890243902439024
6.217142	0.125
6.675151	0.13109756097560976
7.419305	0.13719512195121952
8.313849	0.14329268292682926
9.054335	0.14939024390243902
9.15209	0.15548780487804878
9.185902	0.16158536585365854
10.43635	0.1676829268292683
10.50482	0.17378048780487804
11.28614	0.1798780487804878
13.90651	0.18597560975609756
14.12392	0.19207317073170732
14.31867	0.19817073170731708
14.65833	0.20426829268292682
16.06232	0.21036585365853658
16.29795	0.21646341463414634
17.42905	0.2225609756097561
18.44866	0.22865853658536586
19.49245	0.2347560975609756
20.68905	0.24085365853658536
23.59342	0.24695121951219512
24.66221	0.2530487804878049
25.71489	0.25914634146341464
27.24235	0.2652439024390244
27.32917	0.27134146341463417
29.77619	0.2774390243902439
30.30668	0.28353658536585363
30.4827	0.2896341463414634
30.60352	0.29573170731707316
31.22646	0.3018292682926829
31.73048	0.3079268292682927
32.66777	0.31402439024390244
35.7764	0.3201219512195122
38.21868	0.32621951219512196
39.29763	0.3323170731707317
39.38405	0.3384146341463415
40.91659	0.3445121951219512
41.55359	0.35060975609756095
43.15171	0.3567073170731707
43.62698	0.3628048780487805
43.92169	0.36890243902439024
44.98922	0.375
44.99585	0.38109756097560976
45.20778	0.3871951219512195
46.27613	0.3932926829268293
46.32384	0.39939024390243905
48.95376	0.4054878048780488
49.65034	0.4115853658536585
51.45631	0.4176829268292683
52.54376	0.42378048780487804
52.60071	0.4298780487804878
52.70196	0.43597560975609756
54.39365	0.4420731707317073
56.86943	0.4481707317073171
57.1089	0.45426829268292684
58.67834	0.4603658536585366
58.72456	0.46646341463414637
58.86666	0.4725609756097561
60.89606	0.47865853658536583
63.07807	0.4847560975609756
69.83049	0.49085365853658536
71.88392	0.4969512195121951
73.39143	0.5030487804878049
78.04845	0.5091463414634146
78.38385	0.5152439024390244
80.96949	0.5213414634146342
85.33371	0.5274390243902439
85.71555	0.5335365853658537
86.36617	0.5396341463414634
87.02631	0.5457317073170732
90.07127	0.551829268292683
91.17817	0.5579268292682927
91.98811	0.5640243902439024
92.11749	0.5701219512195121
92.54779	0.5762195121951219
93.69708	0.5823170731707317
94.02196	0.5884146341463414
94.07175	0.5945121951219512
94.28058	0.600609756097561
94.32266	0.6067073170731707
95.08824	0.6128048780487805
95.25437	0.6189024390243902
100.8868	0.625
101.3028	0.6310975609756098
102.8423	0.6371951219512195
103.1041	0.6432926829268293
103.2519	0.649390243902439
104.2441	0.6554878048780488
104.3983	0.6615853658536586
104.7597	0.6676829268292683
107.0087	0.6737804878048781
107.1567	0.6798780487804879
107.4814	0.6859756097560976
108.6124	0.6920731707317073
108.6131	0.698170731707317
108.6759	0.7042682926829268
109.3134	0.7103658536585366
109.3393	0.7164634146341463
109.3591	0.7225609756097561
109.9658	0.7286585365853658
112.2011	0.7347560975609756
113.3906	0.7408536585365854
114.7163	0.7469512195121951
116.0231	0.7530487804878049
116.7418	0.7591463414634146
118.3006	0.7652439024390244
119.3665	0.7713414634146342
121.5644	0.7774390243902439
122.765	0.7835365853658537
123.027	0.7896341463414634
124.2328	0.7957317073170732
125.2442	0.801829268292683
126.2547	0.8079268292682927
128.7278	0.8140243902439024
129.0289	0.8201219512195121
129.7593	0.8262195121951219
130.9845	0.8323170731707317
132.165	0.8384146341463414
138.08	0.8445121951219512
138.5079	0.850609756097561
138.8415	0.8567073170731707
139.878	0.8628048780487805
142.8539	0.8689024390243902
143.2871	0.875
143.4761	0.8810975609756098
147.7679	0.8871951219512195
147.8212	0.8932926829268293
