0.179782
0.273132
0.369622
0.373804
0.568505
0.756914
0.865658
1.479543
1.739616
1.779836
2.027799
2.515852
2.569529
3.66194
4.297817
5.756614
6.131122
6.506769
7.593871
7.700591
8.294597
9.239601
10.49807
14.70774
16.10944
17.54052
18.90424
19.613
21.94429
22.43294
22.80253
25.88247
26.44912
26.92108
35.13033
36.43418
37.31813
38.20771
39.22413
39.60683
40.08845
40.58598
41.60318
43.67354
44.41458
44.98531
46.32049
47.13222
47.48744
49.30811
49.43497
52.28281
52.36137
53.72790
55.68456
55.85925
55.99011
56.29987
56.49425
56.83869
57.30777
58.95978
59.18072
59.20212
61.23824
62.48840
63.17251
63.71677
63.74095
65.60880
68.40053
71.06461
71.20806
71.71041
76.05700
76.76046
77.18741
77.40067
77.46215
78.13567
78.94536
79.05238
79.27220
80.47642
80.82237
83.96930
85.41917
87.69061
88.05460
88.08688
88.23244
88.24785
88.30285
89.35777
91.13358
91.25442
92.97047
93.36901
94.41245
95.13660
98.75861
99.84326
100.6641
101.5784
102.6282
103.1469
104.8038
106.3695
106.7773
107.9471
107.9875
108.7216
109.0451
109.4951
110.3086
111.1962
112.5566
112.8602
113.8167
114.6744
117.6499
117.6635
119.3594
120.6402
120.9240
121.7963
122.1922
125.2264
127.4390
127.4791
128.0492
129.8483
132.0050
134.2400
134.5002
135.3435
136.1958
138.3300
139.5531
139.8360
141.7525
142.7725
143.8592
144.7346
145.0105
146.7523
147.8004