0.373321	0.003048780487804878
0.56815	0.009146341463414634
0.66015	0.01524390243902439
0.860668	0.021341463414634148
0.867512	0.027439024390243903
1.582526	0.03353658536585366
1.635455	0.039634146341463415
1.827101	0.04573170731707317
2.436197	0.051829268292682924
3.105287	0.057926829268292686
3.947777	0.06402439024390244
4.313402	0.0701219512195122
4.869951	0.07621951219512195
5.28438	0.08231707317073171
7.924292	0.08841463414634146
12.53235	0.09451219512195122
13.43491	0.10060975609756098
13.68764	0.10670731707317073
14.78694	0.11280487804878049
16.61509	0.11890243902439024
17.6484	0.125
18.0179	0.13109756097560976
18.63971	0.13719512195121952
20.72511	0.14329268292682926
21.53379	0.14939024390243902
21.69106	0.15548780487804878
23.36914	0.16158536585365854
24.61423	0.1676829268292683
24.73699	0.17378048780487804
26.95106	0.1798780487804878
27.18556	0.18597560975609756
27.70073	0.19207317073170732
29.60816	0.19817073170731708
31.11093	0.20426829268292682
31.72097	0.21036585365853658
31.90681	0.21646341463414634
32.81998	0.2225609756097561
33.00446	0.22865853658536586
33.48733	0.2347560975609756
33.69477	0.24085365853658536
33.81542	0.24695121951219512
34.2904	0.2530487804878049
34.68557	0.25914634146341464
35.8521	0.2652439024390244
36.12294	0.27134146341463417
37.57076	0.2774390243902439
38.87496	0.28353658536585363
39.11833	0.2896341463414634
39.19954	0.29573170731707316
39.44866	0.3018292682926829
39.60835	0.3079268292682927
40.04437	0.31402439024390244
40.78951	0.3201219512195122
41.37147	0.32621951219512196
41.58143	0.3323170731707317
42.27847	0.3384146341463415
42.78849	0.3445121951219512
42.92246	0.35060975609756095
43.12824	0.3567073170731707
43.69577	0.3628048780487805
43.72731	0.36890243902439024
45.12728	0.375
45.20011	0.38109756097560976
46.194	0.3871951219512195
46.56694	0.3932926829268293
46.6976	0.39939024390243905
46.84597	0.4054878048780488
46.99302	0.4115853658536585
47.67802	0.4176829268292683
48.84448	0.42378048780487804
49.0861	0.4298780487804878
49.17934	0.43597560975609756
49.95356	0.4420731707317073
51.11551	0.4481707317073171
51.2357	0.45426829268292684
51.53202	0.4603658536585366
52.36871	0.46646341463414637
53.379	0.4725609756097561
54.69891	0.47865853658536583
58.37297	0.4847560975609756
60.57464	0.49085365853658536
60.82119	0.4969512195121951
61.20106	0.5030487804878049
61.77189	0.5091463414634146
63.09847	0.5152439024390244
63.93669	0.5213414634146342
64.2744	0.5274390243902439
64.30475	0.5335365853658537
65.60131	0.5396341463414634
66.34327	0.5457317073170732
66.77731	0.551829268292683
69.21907	0.5579268292682927
69.69609	0.5640243902439024
70.32023	0.5701219512195121
70.5475	0.5762195121951219
72.7331	0.5823170731707317
72.82284	0.5884146341463414
73.17208	0.5945121951219512
74.12397	0.600609756097561
74.34007	0.6067073170731707
74.55472	0.6128048780487805
74.73999	0.6189024390243902
75.51477	0.625
77.93	0.6310975609756098
84.79852	0.6371951219512195
88.1452	0.6432926829268293
88.74871	0.649390243902439
91.32349	0.6554878048780488
91.78561	0.6615853658536586
92.38612	0.6676829268292683
93.80075	0.6737804878048781
94.18895	0.6798780487804879
94.60733	0.6859756097560976
95.28202	0.6920731707317073
96.84774	0.698170731707317
97.74311	0.7042682926829268
98.19454	0.7103658536585366
100.4594	0.7164634146341463
101.883	0.7225609756097561
102.5409	0.7286585365853658
102.7125	0.7347560975609756
103.2564	0.7408536585365854
103.9795	0.7469512195121951
104.0939	0.7530487804878049
104.1726	0.7591463414634146
105.4506	0.7652439024390244
105.9187	0.7713414634146342
106.0151	0.7774390243902439
107.4384	0.7835365853658537
107.5326	0.7896341463414634
109.37	0.7957317073170732
110.4917	0.801829268292683
111.5514	0.8079268292682927
111.7301	0.8140243902439024
112.8104	0.8201219512195121
117.8013	0.8262195121951219
119.4474	0.8323170731707317
120.1392	0.8384146341463414
120.5613	0.8445121951219512
121.8311	0.850609756097561
123.6477	0.8567073170731707
126.4265	0.8628048780487805
126.4596	0.8689024390243902
127.309	0.875
130.5281	0.8810975609756098
130.7889	0.8871951219512195
131.4873	0.8932926829268293
133.8011	0.899390243902439
135.1439	0.9054878048780488
135.1796	0.9115853658536586
137.1468	0.9176829268292683
137.5368	0.9237804878048781
138.1145	0.9298780487804879
139.0361	0.9359756097560976
139.3895	0.9420731707317073
140.0894	0.948170731707317
140.2729	0.9542682926829268
141.8492	0.9603658536585366
142.2168	0.9664634146341463
142.6131	0.9725609756097561
143.6497	0.9786585365853658
143.8356	0.9847560975609756
146.5674	0.9908536585365854
147.9942	0.9969512195121951
