0.180424
0.276269
0.37659	
0.381991
0.576883
0.674363
0.774618
0.867252
1.442606
1.44856	
2.215503
2.342419
2.516259
3.491216
3.516508
3.715713
3.799246
4.095766
5.091155
5.584334
6.217142
6.675151
7.419305
8.313849
9.054335
9.15209
9.185902
10.43635
10.50482
11.28614
13.90651
14.12392
14.31867
14.65833
16.06232
16.29795
17.42905
18.44866
19.49245
20.68905
23.59342
24.66221
25.71489
27.24235
27.32917
29.77619
30.30668
30.48270
30.60352
31.22646
31.73048
32.66777
35.77640
38.21868
39.29763
39.38405
40.91659
41.55359
43.15171
43.62698
43.92169
44.98922
44.99585
45.20778
46.27613
46.32384
48.95376
49.65034
51.45631
52.54376
52.60071
52.70196
54.39365
56.86943
57.10890
58.67834
58.72456
58.86666
60.89606
63.07807
69.83049
71.88392
73.39143
78.04845
78.38385
80.96949
85.33371
85.71555
86.36617
87.02631
90.07127
91.17817
91.98811
92.11749
92.54779
93.69708
94.02196
94.07175
94.28058
94.32266
95.08824
95.25437
100.8868
101.3028
102.8423
103.1041
103.2519
104.2441
104.3983
104.7597
107.0087
107.1567
107.4814
108.6124
108.6131
108.6759
109.3134
109.3393
109.3591
109.9658
112.2011
113.3906
114.7163
116.0231
116.7418
118.3006
119.3665
121.5644
122.7650
123.0270
124.2328
125.2442
126.2547
128.7278
129.0289
129.7593
130.9845
132.1650
138.0800
138.5079
138.8415
139.8780
142.8539
143.2871
143.4761
147.7679
147.8212