0.274954	0.003048780487804878
0.276473	0.009146341463414634
0.370264	0.01524390243902439
0.6825	0.021341463414634148
0.78035	0.027439024390243903
0.876217	0.03353658536585366
1.544744	0.039634146341463415
1.969795	0.04573170731707317
1.969948	0.051829268292682924
2.139187	0.057926829268292686
2.637219	0.06402439024390244
3.328112	0.0701219512195122
3.410847	0.07621951219512195
4.0221	0.08231707317073171
5.122951	0.08841463414634146
6.043621	0.09451219512195122
6.615626	0.10060975609756098
6.666176	0.10670731707317073
8.612592	0.11280487804878049
10.03604	0.11890243902439024
10.1304	0.125
11.37624	0.13109756097560976
12.09501	0.13719512195121952
14.2577	0.14329268292682926
14.54209	0.14939024390243902
15.0504	0.15548780487804878
16.08735	0.16158536585365854
18.01057	0.1676829268292683
18.6953	0.17378048780487804
19.43404	0.1798780487804878
19.59399	0.18597560975609756
20.82382	0.19207317073170732
22.14607	0.19817073170731708
22.30948	0.20426829268292682
25.33573	0.21036585365853658
26.3291	0.21646341463414634
27.19559	0.2225609756097561
28.32395	0.22865853658536586
28.40347	0.2347560975609756
29.4623	0.24085365853658536
30.88237	0.24695121951219512
31.50524	0.2530487804878049
33.74556	0.25914634146341464
33.9201	0.2652439024390244
35.37187	0.27134146341463417
36.23717	0.2774390243902439
36.97757	0.28353658536585363
38.00107	0.2896341463414634
38.10787	0.29573170731707316
38.86608	0.3018292682926829
41.66785	0.3079268292682927
41.93288	0.31402439024390244
42.30022	0.3201219512195122
42.31055	0.32621951219512196
43.92549	0.3323170731707317
44.92545	0.3384146341463415
45.6263	0.3445121951219512
46.2533	0.35060975609756095
47.09445	0.3567073170731707
47.2522	0.3628048780487805
47.57486	0.36890243902439024
48.00673	0.375
48.29945	0.38109756097560976
51.80304	0.3871951219512195
52.44572	0.3932926829268293
54.73195	0.39939024390243905
56.30711	0.4054878048780488
57.25245	0.4115853658536585
58.34378	0.4176829268292683
59.17735	0.42378048780487804
60.41595	0.4298780487804878
61.38724	0.43597560975609756
62.47003	0.4420731707317073
64.59066	0.4481707317073171
66.2412	0.45426829268292684
66.65156	0.4603658536585366
66.77885	0.46646341463414637
68.19611	0.4725609756097561
69.2171	0.47865853658536583
69.88273	0.4847560975609756
70.06134	0.49085365853658536
70.57863	0.4969512195121951
70.94527	0.5030487804878049
71.81744	0.5091463414634146
73.30076	0.5152439024390244
74.07428	0.5213414634146342
75.4253	0.5274390243902439
77.77076	0.5335365853658537
78.21594	0.5396341463414634
78.49173	0.5457317073170732
78.74654	0.551829268292683
78.87528	0.5579268292682927
81.94881	0.5640243902439024
84.77475	0.5701219512195121
85.77561	0.5762195121951219
86.27957	0.5823170731707317
87.14653	0.5884146341463414
90.2278	0.5945121951219512
90.75583	0.600609756097561
91.84324	0.6067073170731707
92.38504	0.6128048780487805
92.6562	0.6189024390243902
93.40829	0.625
93.49847	0.6310975609756098
93.948	0.6371951219512195
94.44134	0.6432926829268293
94.90648	0.649390243902439
100.0138	0.6554878048780488
100.304	0.6615853658536586
100.5781	0.6676829268292683
100.7752	0.6737804878048781
103.3619	0.6798780487804879
103.4477	0.6859756097560976
103.5468	0.6920731707317073
105.8785	0.698170731707317
107.8517	0.7042682926829268
110.2637	0.7103658536585366
111.6554	0.7164634146341463
113.6242	0.7225609756097561
114.1673	0.7286585365853658
114.5929	0.7347560975609756
115.5785	0.7408536585365854
115.6667	0.7469512195121951
115.6967	0.7530487804878049
116.7165	0.7591463414634146
118.7149	0.7652439024390244
118.9503	0.7713414634146342
119.3026	0.7774390243902439
119.6834	0.7835365853658537
120.2936	0.7896341463414634
122.7883	0.7957317073170732
123.235	0.801829268292683
123.3233	0.8079268292682927
125.1733	0.8140243902439024
125.9096	0.8201219512195121
127.5696	0.8262195121951219
127.9209	0.8323170731707317
130.1826	0.8384146341463414
130.5312	0.8445121951219512
132.5494	0.850609756097561
132.925	0.8567073170731707
134.7927	0.8628048780487805
136.182	0.8689024390243902
137.3445	0.875
140.6115	0.8810975609756098
140.9972	0.8871951219512195
141.2042	0.8932926829268293
144.144	0.899390243902439
146.2531	0.9054878048780488
147.491	0.9115853658536586
149.5318	0.9176829268292683
