0.490326	0.0025
0.491435	0.0075
0.493085	0.0125
0.49518	0.0175
0.49533	0.0225
0.495456	0.0275
0.496817	0.0325
0.49688	0.0375
0.496961	0.0425
0.497125	0.0475
0.498118	0.0525
0.498317	0.0575
0.498369	0.0625
0.498416	0.0675
0.499155	0.0725
0.499202	0.0775
0.499434	0.0825
0.499454	0.0875
0.499935	0.0925
0.500094	0.0975
0.500436	0.1025
0.50067	0.1075
0.500924	0.1125
0.500955	0.1175
0.501123	0.1225
0.501383	0.1275
0.5015	0.1325
0.501831	0.1375
0.501876	0.1425
0.502176	0.1475
0.502439	0.1525
0.50252	0.1575
0.502568	0.1625
0.502714	0.1675
0.503059	0.1725
0.503219	0.1775
0.503289	0.1825
0.503359	0.1875
0.503469	0.1925
0.503969	0.1975
0.504023	0.2025
0.504206	0.2075
0.504279	0.2125
0.504286	0.2175
0.50439	0.2225
0.504496	0.2275
0.504676	0.2325
0.504788	0.2375
0.505023	0.2425
0.50521	0.2475
0.505258	0.2525
0.505463	0.2575
0.505535	0.2625
0.505625	0.2675
0.506021	0.2725
0.506112	0.2775
0.506174	0.2825
0.506245	0.2875
0.506294	0.2925
0.506737	0.2975
0.506767	0.3025
0.506914	0.3075
0.507049	0.3125
0.507402	0.3175
0.507541	0.3225
0.507714	0.3275
0.507777	0.3325
0.507819	0.3375
0.507865	0.3425
0.50796	0.3475
0.508086	0.3525
0.508167	0.3575
0.508201	0.3625
0.508278	0.3675
0.508386	0.3725
0.508418	0.3775
0.508459	0.3825
0.508867	0.3875
0.508876	0.3925
0.508937	0.3975
0.508954	0.4025
0.509073	0.4075
0.509118	0.4125
0.509619	0.4175
0.509766	0.4225
0.510313	0.4275
0.510354	0.4325
0.510409	0.4375
0.510495	0.4425
0.510554	0.4475
0.510621	0.4525
0.511029	0.4575
0.511141	0.4625
0.511181	0.4675
0.511272	0.4725
0.511345	0.4775
0.511398	0.4825
0.511481	0.4875
0.511559	0.4925
0.511605	0.4975
0.511727	0.5025
0.511734	0.5075
0.511927	0.5125
0.511978	0.5175
0.512113	0.5225
0.512151	0.5275
0.512188	0.5325
0.512297	0.5375
0.512599	0.5425
0.512691	0.5475
0.512744	0.5525
0.512797	0.5575
0.513028	0.5625
0.513579	0.5675
0.513598	0.5725
0.513774	0.5775
0.513838	0.5825
0.514131	0.5875
0.514472	0.5925
0.514622	0.5975
0.514696	0.6025
0.515307	0.6075
0.515346	0.6125
0.5154	0.6175
0.515592	0.6225
0.515672	0.6275
0.515697	0.6325
0.515811	0.6375
0.515862	0.6425
0.515868	0.6475
0.515901	0.6525
0.515911	0.6575
0.516008	0.6625
0.516033	0.6675
0.516064	0.6725
0.516086	0.6775
0.51626	0.6825
0.516503	0.6875
0.516555	0.6925
0.516557	0.6975
0.517599	0.7025
0.517709	0.7075
0.517774	0.7125
0.517945	0.7175
0.518236	0.7225
0.518269	0.7275
0.518306	0.7325
0.518366	0.7375
0.518395	0.7425
0.518429	0.7475
0.518727	0.7525
0.518925	0.7575
0.519331	0.7625
0.519545	0.7675
0.51959	0.7725
0.519806	0.7775
0.519967	0.7825
0.52046	0.7875
0.5205	0.7925
0.520729	0.7975
0.521063	0.8025
0.521274	0.8075
0.521757	0.8125
0.522163	0.8175
0.522522	0.8225
0.522575	0.8275
0.522697	0.8325
0.524605	0.8375
0.524792	0.8425
0.525008	0.8475
0.525181	0.8525
0.525676	0.8575
0.526451	0.8625
0.526933	0.8675
0.531325	0.8725
0.532037	0.8775
0.770975	0.8825
0.774178	0.8875
0.774783	0.8925
0.777208	0.8975
0.783563	0.9025
0.789844	0.9075
0.790441	0.9125
0.791142	0.9175
0.793853	0.9225
0.794161	0.9275
0.796183	0.9325
0.801521	0.9375
0.815634	0.9425
1.068568	0.9475
1.074926	0.9525
1.078408	0.9575
1.087026	0.9625
1.120411	0.9675
1.61611	0.9725
1.867175	0.9775
1.881266	0.9825
1.918054	0.9875
3.016629	0.9925
16.078646	0.9975
