0.482316	0.0025
0.911419	0.0075
2.247063	0.0125
2.248584	0.0175
2.734523	0.0225
2.735724	0.0275
2.915442	0.0325
3.206302	0.0375
3.3961	0.0425
4.080382	0.0475
4.777459	0.0525
5.265261	0.0575
6.826214	0.0625
7.001178	0.0675
7.275195	0.0725
7.704828	0.0775
8.708125	0.0825
8.800489	0.0875
10.026283	0.0925
10.286974	0.0975
11.063421	0.1025
11.145931	0.1075
12.458766	0.1125
12.500522	0.1175
13.403552	0.1225
14.243909	0.1275
14.649388	0.1325
15.259019	0.1375
15.437483	0.1425
15.652431	0.1475
15.959908	0.1525
17.563824	0.1575
17.641246	0.1625
18.596132	0.1675
18.774227	0.1725
19.280308	0.1775
20.615356	0.1825
21.323996	0.1875
22.504911	0.1925
23.24417	0.1975
23.47958	0.2025
23.502783	0.2075
26.222158	0.2125
26.511751	0.2175
26.535235	0.2225
26.651909	0.2275
28.12515	0.2325
28.311568	0.2375
28.52689	0.2425
29.486414	0.2475
30.046459	0.2525
30.100125	0.2575
30.684094	0.2625
31.81607	0.2675
32.304187	0.2725
33.69269	0.2775
34.170377	0.2825
36.027288	0.2875
37.249857	0.2925
37.581967	0.2975
38.136442	0.3025
38.717848	0.3075
39.673468	0.3125
39.690429	0.3175
40.044247	0.3225
40.813628	0.3275
42.938187	0.3325
43.185823	0.3375
43.279456	0.3425
43.932571	0.3475
44.231946	0.3525
46.079684	0.3575
46.915001	0.3625
50.666467	0.3675
51.05068	0.3725
52.405946	0.3775
54.095678	0.3825
54.271905	0.3875
56.047667	0.3925
57.236357	0.3975
57.988834	0.4025
60.303996	0.4075
60.821618	0.4125
61.553966	0.4175
61.794848	0.4225
63.816074	0.4275
63.877388	0.4325
64.081719	0.4375
64.634989	0.4425
65.273678	0.4475
72.089645	0.4525
73.334469	0.4575
73.476624	0.4625
73.7537	0.4675
75.507068	0.4725
76.206759	0.4775
76.745568	0.4825
79.899623	0.4875
80.570513	0.4925
80.581105	0.4975
80.993312	0.5025
81.010732	0.5075
82.461325	0.5125
82.895397	0.5175
82.915987	0.5225
84.647001	0.5275
88.598968	0.5325
89.470786	0.5375
93.351583	0.5425
97.868117	0.5475
98.002002	0.5525
98.249662	0.5575
98.574116	0.5625
99.265314	0.5675
99.651904	0.5725
100.042856	0.5775
