0.490326 0.00248756218905473 
0.491435 0.00746268656716418 
0.493085 0.0124378109452736 
0.49518 0.0174129353233831 
0.49533 0.0223880597014925 
0.495456 0.027363184079602 
0.496817 0.0323383084577114 
0.49688 0.0373134328358209 
0.496961 0.0422885572139304 
0.497125 0.0472636815920398 
0.498118 0.0522388059701493 
0.498317 0.0572139303482587 
0.498369 0.0621890547263682 
0.498416 0.0671641791044776 
0.499155 0.0721393034825871 
0.499202 0.0771144278606965 
0.499434 0.082089552238806 
0.499454 0.0870646766169154 
0.499935 0.0920398009950249 
0.500094 0.0970149253731343 
0.500436 0.101990049751244 
0.50067 0.106965174129353 
0.500924 0.111940298507463 
0.500955 0.116915422885572 
0.501123 0.121890547263682 
0.501383 0.126865671641791 
0.5015 0.131840796019901 
0.501831 0.13681592039801 
0.501876 0.141791044776119 
0.502176 0.146766169154229 
0.502439 0.151741293532338 
0.50252 0.156716417910448 
0.502568 0.161691542288557 
0.502714 0.166666666666667 
0.503059 0.171641791044776 
0.503219 0.176616915422886 
0.503289 0.181592039800995 
0.503359 0.186567164179104 
0.503469 0.191542288557214 
0.503969 0.196517412935323 
0.504023 0.201492537313433 
0.504206 0.206467661691542 
0.504279 0.211442786069652 
0.504286 0.216417910447761 
0.50439 0.221393034825871 
0.504496 0.22636815920398 
0.504676 0.23134328358209 
0.504788 0.236318407960199 
0.505023 0.241293532338308 
0.50521 0.246268656716418 
0.505258 0.251243781094527 
0.505463 0.256218905472637 
0.505535 0.261194029850746 
0.505625 0.266169154228856 
0.506021 0.271144278606965 
0.506112 0.276119402985075 
0.506174 0.281094527363184 
0.506245 0.286069651741294 
0.506294 0.291044776119403 
0.506737 0.296019900497512 
0.506767 0.300995024875622 
0.506914 0.305970149253731 
0.507049 0.310945273631841 
0.507402 0.31592039800995 
0.507541 0.32089552238806 
0.507714 0.325870646766169 
0.507777 0.330845771144279 
0.507819 0.335820895522388 
0.507865 0.340796019900498 
0.50796 0.345771144278607 
0.508086 0.350746268656716 
0.508167 0.355721393034826 
0.508201 0.360696517412935 
0.508278 0.365671641791045 
0.508386 0.370646766169154 
0.508418 0.375621890547264 
0.508459 0.380597014925373 
0.508867 0.385572139303483 
0.508876 0.390547263681592 
0.508937 0.395522388059701 
0.508954 0.400497512437811 
0.509073 0.40547263681592 
0.509118 0.41044776119403 
0.509619 0.415422885572139 
0.509766 0.420398009950249 
0.510313 0.425373134328358 
0.510354 0.430348258706468 
0.510409 0.435323383084577 
0.510495 0.440298507462687 
0.510554 0.445273631840796 
0.510621 0.450248756218905 
0.511029 0.455223880597015 
0.511141 0.460199004975124 
0.511181 0.465174129353234 
0.511272 0.470149253731343 
0.511345 0.475124378109453 
0.511398 0.480099502487562 
0.511481 0.485074626865672 
0.511559 0.490049751243781 
0.511605 0.495024875621891 
0.511727 0.5 
0.511734 0.504975124378109 
0.511927 0.509950248756219 
0.511978 0.514925373134328 
0.512113 0.519900497512438 
0.512151 0.524875621890547 
0.512188 0.529850746268657 
0.512297 0.534825870646766 
0.512599 0.539800995024876 
0.512691 0.544776119402985 
0.512744 0.549751243781095 
0.512797 0.554726368159204 
0.513028 0.559701492537313 
0.513579 0.564676616915423 
0.513598 0.569651741293532 
0.513774 0.574626865671642 
0.513838 0.579601990049751 
0.514131 0.584577114427861 
0.514472 0.58955223880597 
0.514622 0.59452736318408 
0.514696 0.599502487562189 
0.515307 0.604477611940298 
0.515346 0.609452736318408 
0.5154 0.614427860696517 
0.515592 0.619402985074627 
0.515672 0.624378109452736 
0.515697 0.629353233830846 
0.515811 0.634328358208955 
0.515862 0.639303482587065 
0.515868 0.644278606965174 
0.515901 0.649253731343284 
0.515911 0.654228855721393 
0.516008 0.659203980099503 
0.516033 0.664179104477612 
0.516064 0.669154228855721 
0.516086 0.674129353233831 
0.51626 0.67910447761194 
0.516503 0.68407960199005 
0.516555 0.689054726368159 
0.516557 0.694029850746269 
0.517599 0.699004975124378 
0.517709 0.703980099502488 
0.517774 0.708955223880597 
0.517945 0.713930348258706 
0.518236 0.718905472636816 
0.518269 0.723880597014925 
0.518306 0.728855721393035 
0.518366 0.733830845771144 
0.518395 0.738805970149254 
0.518429 0.743781094527363 
0.518727 0.748756218905473 
0.518925 0.753731343283582 
0.519331 0.758706467661692 
0.519545 0.763681592039801 
0.51959 0.76865671641791 
0.519806 0.77363184079602 
0.519967 0.778606965174129 
0.52046 0.783582089552239 
0.5205 0.788557213930348 
0.520729 0.793532338308458 
0.521063 0.798507462686567 
0.521274 0.803482587064677 
0.521757 0.808457711442786 
0.522163 0.813432835820896 
0.522522 0.818407960199005 
0.522575 0.823383084577114 
0.522697 0.828358208955224 
0.524605 0.833333333333333 
0.524792 0.838308457711443 
0.525008 0.843283582089552 
0.525181 0.848258706467662 
0.525676 0.853233830845771 
0.526451 0.858208955223881 
0.526933 0.86318407960199 
0.531325 0.868159203980099 
0.532037 0.873134328358209 
0.770975 0.878109452736318 
0.774178 0.883084577114428 
0.774783 0.888059701492537 
0.777208 0.893034825870647 
0.783563 0.898009950248756 
0.789844 0.902985074626866 
0.790441 0.907960199004975 
0.791142 0.912935323383085 
0.793853 0.917910447761194 
0.794161 0.922885572139303 
0.796183 0.927860696517413 
0.801521 0.932835820895522 
0.815634 0.937810945273632 
1.068568 0.942786069651741 
1.074926 0.947761194029851 
1.078408 0.95273631840796 
1.087026 0.95771144278607 
1.120411 0.962686567164179 
1.61611 0.967661691542289 
1.867175 0.972636815920398 
1.881266 0.977611940298508 
1.918054 0.982587064676617 
3.016629 0.987562189054726 
16.078646 0.992537313432836 
