0.503059
0.508459
0.520729
0.525676
0.499454
0.519545
0.507541
0.491435
0.514696
0.518306
0.498369
0.508418
0.505023
0.514472
1.867175
0.506914
0.504788
0.50796
0.511559
0.499434
0.513774
0.515901
0.504206
0.512151
0.501876
0.510495
16.078646
0.510554
0.52046
0.50252
0.501383
0.515592
0.531325
0.796183
0.504023
0.518366
0.518429
0.506245
0.510354
0.519331
0.5205
0.794161
0.506021
0.499155
0.511727
1.068568
0.507865
0.50439
0.507777
1.881266
0.503969
0.522163
0.500436
0.513028
0.515346
0.5154
1.918054
0.508167
0.511398
0.791142
0.500094
0.497125
0.506294
0.51626
0.511345
0.504496
0.518269
0.517945
0.499935
0.516555
0.498317
0.521757
0.506737
0.50521
0.515911
0.789844
0.516503
0.521063
0.502714
0.511605
0.777208
0.501831
0.512113
0.508278
0.509766
0.517709
0.518925
0.513579
0.519967
0.502439
0.522522
0.515811
0.49518
0.512599
0.503289
0.774783
0.506112
0.512744
0.508937
0.51959
0.512297
0.513598
0.509118
0.508954
0.511181
0.507819
0.516064
0.500924
0.515307
0.509619
0.503359
0.50067
0.505258
0.506767
0.770975
0.516086
0.510409
1.078408
1.074926
0.507049
0.504286
0.495456
0.511481
0.513838
0.512188
0.774178
0.516008
0.505625
0.507714
0.515672
0.49533
0.525008
0.498118
0.515862
0.510313
1.61611
0.506174
0.505463
0.509073
0.490326
0.516557
0.505535
0.518395
0.49688
0.518236
0.511734
3.016629
0.526451
0.790441
0.504279
0.498416
0.512797
0.508201
0.524792
0.507402
0.496817
0.524605
0.793853
0.532037
0.815634
0.503469
0.510621
0.496961
0.503219
0.511272
0.515868
0.515697
0.801521
0.508876
0.500955
0.511029
0.512691
0.493085
0.517599
0.504676
0.502568
0.502176
0.521274
0.519806
0.5015
0.514131
0.499202
0.508386
0.783563
0.511978
0.508867
0.501123
0.508086
0.514622
0.525181
0.516033
0.522697
1.087026
1.120411
0.522575
0.518727
0.526933
0.511927
0.511141
0.517774