43.185823
7.275195
65.273678
5.265261
10.026283
10.286974
15.437483
26.651909
14.243909
22.504911
82.915987
34.170377
17.641246
23.502783
40.813628
100.042856
42.938187
46.915001
12.458766
3.206302
80.581105
18.596132
51.05068
39.673468
73.334469
40.044247
79.899623
28.52689
89.470786
18.774227
26.535235
23.47958
63.816074
26.511751
30.684094
13.403552
2.248584
84.647001
38.717848
19.280308
31.81607
3.3961
64.634989
64.081719
93.351583
37.581967
26.222158
29.486414
54.271905
98.002002
2.734523
4.080382
20.615356
32.304187
60.821618
33.69269
46.079684
57.988834
30.100125
2.247063
99.265314
0.911419
73.7537
54.095678
61.553966
39.690429
11.145931
73.476624
82.895397
43.932571
60.303996
0.482316
43.279456
36.027288
30.046459
4.777459
21.323996
2.735724
72.089645
61.794848
11.063421
6.826214
76.745568
80.570513
98.249662
15.959908
80.993312
14.649388
76.206759
99.651904
56.047667
2.915442
97.868117
37.249857
44.231946
82.461325
15.652431
28.12515
7.704828
8.708125
12.500522
15.259019
28.311568
7.001178
52.405946
38.136442
8.800489
81.010732
50.666467
98.574116
57.236357
75.507068
63.877388
23.24417
17.563824
88.598968
