97.077067

47.827714
89.719406
13.710463
47.515006
7.5897



12.204835
97.058231
82.465871
71.827505


34.822064



11.779182
19.784784

98.031537
74.24662
2.647286
44.72392


49.168495

50.160227




63.666258
40.609564

66.004367

34.006911

25.347166
61.050289
60.393938
91.854769
73.270101
54.190521
62.939112

91.272196


14.710755
63.177823
75.826193
70.09644
32.954596
70.420853

5.407668
46.411362
18.199663
16.197551
30.844466
5.898881
26.144641
3.172696

45.801856




65.009476


79.828829

52.736751
47.897332
96.323867

60.980716

54.811762

9.710285
22.4829
17.917035

47.322892



17.455742
63.842148


76.151561
30.464126
62.382371
26.762314
53.643445

11.224503
1.04299
88.330872
95.46149
51.60771
12.132187
20.828559
43.017259
61.934511
3.233471
75.221454


86.233488
11.046228
24.207091


10.466204
88.996615
23.077666
7.798199
17.68622
93.338236
4.446663
62.734592
44.152584

57.391167
36.767041
15.651415

69.346041
68.099848

95.068709
91.409044

41.742248



50.454951
30.144352
46.775809

31.572924

53.39723


36.041071
37.747092

49.467078
38.569249




19.846104

3.119557


75.846878

40.830348

89.483653
17.610903

49.46046
55.706384
72.168581

40.899709
25.842142
59.923337

76.831115
16.034926
98.848413


50.063327

72.573624
11.697568
50.672266

27.53719
18.393948