0.2471210325 -0.195251416925588 
0.494242065 -0.188581803728343 
0.7413630975 -0.181949407588171 
0.98848413 -0.17535402083046 
1.2356051625 -0.168795436939441 
1.482726195 -0.162273450551721 
1.7298472275 -0.155787857449855 
1.97696826 -0.149338454555951 
2.2240892925 -0.142925039925307 
2.471210325 -0.136547412740095 
2.7183313575 -0.130205373303067 
2.96545239 -0.123898723031303 
3.2125734225 -0.117627264449997 
3.459694455 -0.111390801186268 
3.7068154875 -0.105189137963014 
3.95393652 -0.0990220805927997 
4.2010575525 -0.0928894359717709 
4.448178585 -0.0867910120736122 
4.6952996175 -0.0807266179435318 
4.94242065 -0.0746960636922842 
5.1895416825 -0.0686991604902227 
5.436662715 -0.0627357205613879 
5.6837837475 -0.0568055571776271 
5.93090478 -0.0509084846527486 
6.1780258125 -0.0450443183367062 
6.425146845 -0.0392128746098181 
6.6722678775 -0.0334139708770178 
6.91938891 -0.0276474255621353 
7.1665099425 -0.0219130581022127 
7.413630975 -0.0162106889418505 
7.6607520075 -0.0105401395275844 
7.90787304 -0.00490123230229478 
8.1549940725 0.000706209300352256 
8.402115105 0.00628236086143474 
8.6492361375 0.0118273969822718 
8.89635717 0.0173414912898909 
9.1434782025 0.0228248164424654 
9.390599235 0.0282775441347193 
9.6377202675 0.0336998451033047 
9.8848413 0.0390918891321471 
10.1319623325 0.0444538450577624 
10.379083365 0.0497858807745429 
10.6262043975 0.0550881632400148 
10.87332543 0.0603608584800657 
11.1204464625 0.0656041315941436 
11.367567495 0.0708181467604265 
11.6146885275 0.0760030672409627 
11.86180956 0.0811590553867836 
12.1089305925 0.0862862726429863 
12.356051625 0.0913848795537897 
12.6031726575 0.0964550357675614 
12.85029369 0.101496900041816 
13.0974147225 0.106510630248186 
13.344535755 0.111496383377368 
13.5916567875 0.116454315544032 
13.83877782 0.121384581991717 
14.0858988525 0.126287337097688 
14.333019885 0.131162734377771 
14.5801409175 0.136010926491157 
14.82726195 0.140832065245188 
15.0743829825 0.145626301600105 
15.321504015 0.150393785673777 
15.5686250475 0.155134666746403 
15.81574608 0.159849093265183 
16.0628671125 0.164537212848968 
16.309988145 0.169199172292884 
16.5571091775 0.173835117572924 
16.80423021 0.178445193850524 
17.0513512425 0.183029545477104 
17.298472275 0.187588315998591 
17.5455933075 0.192121648159911 
17.79271434 0.196629683909461 
18.0398353725 0.201112564403554 
18.286956405 0.205570430010836 
18.5340774375 0.210003420316683 
18.78119847 0.214411674127574 
19.0283195025 0.218795329475432 
19.275440535 0.22315452362195 
19.5225615675 0.227489393062891 
19.7696826 0.231800073532354 
20.0168036325 0.236086700007034 
20.263924665 0.24034940671044 
20.5110456975 0.244588327117103 
20.75816673 0.248803593956755 
21.0052877625 0.252995339218481 
21.252408795 0.257163694154857 
21.4995298275 0.261308789286056 
21.74665086 0.265430754403939 
21.9937718925 0.269529718576112 
22.240892925 0.273605810149977 
22.4880139575 0.277659156756742 
22.73513499 0.281689885315422 
22.9822560225 0.285698122036812 
23.229377055 0.28968399242744 
23.4764980875 0.293647621293496 
23.72361912 0.297589132744739 
23.9707401525 0.301508650198385 
24.217861185 0.305406296382968 
24.4649822175 0.30928219334219 
24.71210325 0.313136462438735 
24.9592242825 0.316969224358071 
25.206345315 0.320780599112233 
25.4534663475 0.324570706043575 
25.70058738 0.328339663828511 
25.9477084125 0.33208759048123 
26.194829445 0.33581460335739 
26.4419504775 0.339520819157794 
26.68907151 0.343206353932044 
26.9361925425 0.346871323082175 
27.183313575 0.350515841366265 
27.4304346075 0.354140022902036 
27.67755564 0.357743981170418 
27.9246766725 0.361327829019111 
28.171797705 0.364891678666112 
28.4189187375 0.368435641703231 
28.66603977 0.371959829099587 
28.9131608025 0.37546435120508 
29.160281835 0.378949317753848 
29.4074028675 0.382414837867701 
29.6545239 0.385861020059541 
29.9016449325 0.389287972236757 
30.148765965 0.392695801704605 
30.3958869975 0.396084615169568 
30.64300803 0.399454518742697 
30.8901290625 0.402805617942932 
31.137250095 0.40613801770041 
31.3843711275 0.409451822359748 
31.63149216 0.412747135683308 
31.8786131925 0.41602406085445 
32.125734225 0.419282700480761 
32.3728552575 0.42252315659727 
32.61997629 0.425745530669638 
32.8670973225 0.428949923597341 
33.114218355 0.432136435716824 
33.3613393875 0.435305166804648 
33.60846042 0.43845621608061 
33.8555814525 0.441589682210852 
34.102702485 0.444705663310949 
34.3498235175 0.447804256948983 
34.59694455 0.450885560148597 
34.8440655825 0.453949669392032 
35.091186615 0.456996680623151 
35.3383076475 0.46002668925044 
35.58542868 0.463039790149997 
35.8325497125 0.466036077668504 
36.079670745 0.469015645626177 
36.3267917775 0.471978587319709 
36.57391281 0.474924995525189 
36.8210338425 0.477854962501004 
37.068154875 0.480768579990735 
37.3152759075 0.483665939226021 
37.56239694 0.486547130929423 
37.8095179725 0.48941224531726 
38.056639005 0.492261372102437 
38.3037600375 0.495094600497253 
38.55088107 0.497912019216191 
38.7980021025 0.500713716478703 
39.045123135 0.503499780011966 
39.2922441675 0.506270297053631 
39.5393652 0.509025354354558 
39.7864862325 0.511765038181524 
40.033607265 0.514489434319934 
40.2807282975 0.5171986280765 
40.52784933 0.519892704281916 
40.7749703625 0.522571747293513 
41.022091395 0.525235840997898 
41.2692124275 0.527885068813585 
41.51633346 0.530519513693607 
41.7634544925 0.533139258128106 
42.010575525 0.535744384146926 
42.2576965575 0.538334973322175 
42.50481759 0.540911106770782 
42.7519386225 0.543472865157036 
42.999059655 0.54602032869511 
43.2461806875 0.548553577151576 
43.49330172 0.551072689847902 
43.7404227525 0.553577745662934 
43.987543785 0.556068823035366 
44.2346648175 0.558545999966197 
44.48178585 0.561009354021176 
44.7289068825 0.563458962333223 
44.976027915 0.565894901604854 
45.2231489475 0.568317248110575 
45.47026998 0.570726077699274 
45.7173910125 0.573121465796596 
45.964512045 0.575503487407302 
46.2116330775 0.577872217117621 
46.45875411 0.580227729097584 
46.7058751425 0.582570097103346 
46.952996175 0.584899394479496 
47.2001172075 0.587215694161353 
47.44723824 0.589519068677251 
47.6943592725 0.591809590150808 
47.941480305 0.594087330303187 
48.1886013375 0.596352360455339 
48.43572237 0.598604751530239 
48.6828434025 0.600844574055103 
48.929964435 0.6030718981636 
49.1770854675 0.605286793598048 
49.4242065 0.607489329711594 
49.6713275325 0.609679575470389 
49.918448565 0.611857599455747 
50.1655695975 0.614023469866291 
50.41269063 0.616177254520091 
50.6598116625 0.618319020856784 
50.906932695 0.620448835939688 
51.1540537275 0.622566766457903 
51.40117476 0.624672878728396 
51.6482957925 0.62676723869808 
51.895416825 0.628849911945879 
52.1425378575 0.630920963684777 
52.38965889 0.632980458763868 
52.6367799225 0.635028461670379 
52.883900955 0.637065036531694 
53.1310219875 0.63909024711736 
53.37814302 0.641104156841084 
53.6252640525 0.643106828762717 
53.872385085 0.645098325590233 
54.1195061175 0.647078709681687 
54.36662715 0.649048043047173 
54.6137481825 0.651006387350761 
54.860869215 0.65295380391243 
55.1079902475 0.654890353709989 
55.35511128 0.656816097380984 
55.6022323125 0.658731095224599 
55.849353345 0.660635407203542 
56.0964743775 0.662529092945923 
56.34359541 0.664412211747123 
56.5907164425 0.66628482257165 
56.837837475 0.668146984054983 
57.0849585075 0.669998754505408 
57.33207954 0.67184019190585 
57.5792005725 0.673671353915681 
57.826321605 0.675492297872528 
58.0734426375 0.677303080794069 
58.32056367 0.67910375937982 
58.5676847025 0.680894390012906 
58.814805735 0.682675028761831 
59.0619267675 0.68444573138223 
59.3090478 0.686206553318617 
59.5561688325 0.68795754970612 
59.803289865 0.68969877537221 
60.0504108975 0.691430284838413 
60.29753193 0.69315213232202 
60.5446529625 0.694864371737788 
60.791773995 0.69656705669962 
61.0388950275 0.69826024052225 
61.28601606 0.699943976222914 
61.5331370925 0.701618316523003 
61.780258125 0.703283313849719 
62.0273791575 0.704939020337715 
62.27450019 0.70658548783073 
62.5216212225 0.708222767883207 
62.768742255 0.709850911761913 
63.0158632875 0.71146997044754 
63.26298432 0.713079994636304 
63.5101053525 0.714681034741531 
63.757226385 0.716273140895237 
64.0043474175 0.717856362949694 
64.25146845 0.719430750478997 
64.4985894825 0.720996352780611 
64.745710515 0.722553218876918 
64.9928315475 0.724101397516749 
65.23995258 0.725640937176913 
65.4870736125 0.727171886063713 
65.734194645 0.728694292114458 
65.9813156775 0.730208202998961 
66.22843671 0.731713666121034 
66.4755577425 0.73321072861997 
66.722678775 0.734699437372022 
66.9697998075 0.736179838991868 
67.21692084 0.737651979834073 
67.4640418725 0.739115905994537 
67.711162905 0.740571663311944 
67.9582839375 0.742019297369191 
68.20540497 0.743458853494819 
68.4525260025 0.744890376764433 
68.699647035 0.746313912002109 
68.9467680675 0.747729503781804 
69.1938891 0.749137196428745 
69.4410101325 0.750537034020823 
69.688131165 0.751929060389968 
69.9352521975 0.753313319123526 
70.18237323 0.754689853565619 
70.4294942625 0.756058706818506 
70.676615295 0.757419921743933 
70.9237363275 0.75877354096447 
71.17085736 0.760119606864853 
71.4179783925 0.761458161593305 
71.665099425 0.762789247062858 
71.9122204575 0.764112904952667 
72.15934149 0.76542917670931 
72.4064625225 0.766738103548094 
72.653583555 0.768039726454337 
72.9007045875 0.769334086184658 
73.14782562 0.770621223268247 
73.3949466525 0.77190117800814 
73.642067685 0.773173990482478 
73.8891887175 0.774439700545762 
74.13630975 0.7756983478301 
74.3834307825 0.776949971746451 
74.630551815 0.778194611485856 
74.8776728475 0.779432306020667 
75.12479388 0.780663094105766 
75.3719149125 0.781887014279781 
75.619035945 0.783104104866289 
75.8661569775 0.784314403975018 
76.11327801 0.785517949503041 
76.3603990425 0.786714779135961 
76.607520075 0.787904930349094 
76.8546411075 0.789088440408637 
77.10176214 0.79026534637284 
77.3488831725 0.791435685093165 
77.596004205 0.792599493215439 
77.8431252375 0.793756807181001 
78.09024627 0.794907663227844 
78.3373673025 0.796052097391753 
78.584488335 0.797190145507425 
78.8316093675 0.798321843209599 
79.0787304 0.799447225934169 
79.3258514325 0.800566328919291 
79.572972465 0.801679187206493 
79.8200934975 0.802785835641764 
80.06721453 0.803886308876651 
80.3143355625 0.804980641369342 
80.561456595 0.806068867385745 
80.8085776275 0.807151021000562 
81.05569866 0.808227136098353 
81.3028196925 0.809297246374601 
81.549940725 0.810361385336764 
81.7970617575 0.811419586305325 
82.04418279 0.812471882414838 
82.2913038225 0.813518306614959 
82.538424855 0.814558891671486 
82.7855458875 0.815593670167379 
83.03266692 0.816622674503781 
83.2797879525 0.817645936901035 
83.526908985 0.818663489399693 
83.7740300175 0.819675363861513 
84.02115105 0.820681591970468 
84.2682720825 0.821682205233725 
84.515393115 0.822677234982642 
84.7625141475 0.823666712373745 
85.00963518 0.824650668389703 
85.2567562125 0.825629133840298 
85.503877245 0.826602139363391 
85.7509982775 0.827569715425882 
85.99811931 0.828531892324663 
86.2452403425 0.829488700187564 
86.492361375 0.830440168974301 
86.7394824075 0.831386328477413 
86.98660344 0.832327208323191 
87.2337244725 0.833262837972611 
87.480845505 0.834193246722252 
87.7279665375 0.835118463705218 
87.97508757 0.836038517892046 
88.2222086025 0.836953438091613 
88.469329635 0.837863252952044 
88.7164506675 0.838767990961601 
88.9635717 0.839667680449581 
89.2106927325 0.8405623495872 
89.457813765 0.841452026388476 
89.7049347975 0.842336738711106 
89.95205583 0.843216514257341 
90.1991768625 0.844091380574847 
90.446297895 0.844961365057573 
90.6934189275 0.845826494946609 
90.94053996 0.846686797331035 
91.1876609925 0.847542299148772 
91.434782025 0.848393027187426 
91.6819030575 0.849239008085124 
91.92902409 0.85008026833135 
92.1761451225 0.850916834267776 
92.423266155 0.851748732089083 
92.6703871875 0.852575987843785 
92.91750822 0.853398627435041 
93.1646292525 0.854216676621469 
93.411750285 0.855030161017953 
93.6588713175 0.85583910609644 
93.90599235 0.856643537186745 
94.1531133825 0.857443479477338 
94.400234415 0.858238958016135 
94.6473554475 0.859029997711284 
94.89447648 0.859816623331941 
95.1415975125 0.86059885950905 
95.388718545 0.86137673073611 
95.6358395775 0.862150261369946 
95.88296061 0.862919475631468 
96.1300816425 0.863684397606433 
96.377202675 0.864445051246194 
96.6243237075 0.865201460368457 
96.87144474 0.865953648658021 
97.1185657725 0.866701639667521 
97.365686805 0.867445456818169 
97.6128078375 0.86818512340048 
97.85992887 0.86892066257501 
98.1070499025 0.869652097373075 
98.354170935 0.870379450697475 
98.6012919675 0.871102745323208 
98.848413 0.871822003898188 
