0.181309
0.174292
0.179006
0.173372
0.282796
0.286124
0.179324
0.177775
0.175377
0.270617
0.179396
0.175662
0.274957
0.271443
0.179056
0.178880
0.179107
0.183547
0.182831
0.180430
0.178949
0.176216
0.178420
0.175710
0.177704
0.179588
0.178804
0.270894
0.177438
0.277052
0.278150
0.180932
0.182657
0.175083
0.175804
0.179199
0.178460
0.182106
0.177741
0.178695
0.180002
0.174399
0.179759
0.180218
0.180113
0.180556
0.180312
0.179155
0.180740
0.174801
0.178825
0.176875
0.184217
0.178877
0.181241
0.174331
0.174178
0.181324
0.176122
0.184962
0.174301
0.182997
0.176493
0.180261
0.178872
0.180330
0.177926
0.176113
0.182317
0.173691
0.176093
0.178361
0.180555
0.177069
0.177382
0.176143
0.180028
0.175461
0.175175
0.177440
0.182534
0.180714
0.177461
0.180662
0.173036
0.175072
0.172743
0.175816
0.177357
0.176637
0.174752
0.178270
0.174532
0.183310
0.174850
0.180007
0.171551
0.181895
0.177118
0.177501
0.176085
0.178850
0.176883
0.171852
0.181378
0.175720
0.178249
0.175951
0.173507
0.175203
0.181807
0.175671
0.182024
0.175443
0.177337
0.175564
0.174641
0.179607
0.179028
0.181190
0.176252
0.175659
0.180669
0.180038
0.179154
0.180657
0.179721
0.179002
0.182139
0.177099
0.177925
0.179771
0.178044
0.183155
0.174400
0.178982
0.177183
0.176373
0.186571
0.177742
0.179239
0.172558
0.180178
0.176290
0.180789
0.182369
0.176945
0.177411
0.178600
0.175226
0.177832
0.179087
0.179812
0.178222
0.178089
0.180061
0.179788
0.176458
0.178565
0.178511
0.181944
0.178698
0.178375
0.176876
0.178817
0.176937
0.180404
0.178914
0.179470
0.177464
0.179472
0.174436
0.172613
0.180229
0.178606
0.181081
0.181720
0.174405
0.180935
0.180452
0.180344
0.177819
0.176665
0.177708
0.179039
0.177747
0.178047
0.178745
0.180382
0.176210
0.178788
0.176870
0.180285
0.175478
0.177243
0.181606
0.178370
0.182294
0.183365