0.0019339025 -3.22141013123189e+24 
0.003867805 -2.57311540180326e+24 
0.0058017075 -2.0552871572628e+24 
0.00773561 -1.64166958693303e+24 
0.0096695125 -1.31129074744483e+24 
0.011603415 -1.04739920750237e+24 
0.0135373175 -8.36614688248421e+23 
0.01547122 -6.68249633549029e+23 
0.0174051225 -5.33767311297571e+23 
0.019339025 -4.26348969466262e+23 
0.0212729275 -3.40548100113249e+23 
0.02320683 -2.72014281249295e+23 
0.0251407325 -2.17272594323577e+23 
0.027074635 -1.7354743297773e+23 
0.0290085375 -1.38621769519192e+23 
0.03094244 -1.10724743402559e+23 
0.0328763425 -8.84418720384695e+22 
0.034810245 -7.06433312853193e+22 
0.0367441475 -5.64266691790141e+22 
0.03867805 -4.50710482745814e+22 
0.0406119525 -3.60006965168373e+22 
0.042545855 -2.875571346381e+22 
0.0444797575 -2.29687516302919e+22 
0.04641366 -1.83463906092259e+22 
0.0483475625 -1.46542595698751e+22 
0.050281465 -1.17051537883036e+22 
0.0522153675 -9.34954267423325e+21 
0.05414927 -7.46798801607009e+21 
0.0560831725 -5.96508802102878e+21 
0.058017075 -4.76464009075173e+21 
0.0599509775 -3.80577706722314e+21 
0.06188488 -3.03988104232998e+21 
0.0638187825 -2.42811824977959e+21 
0.065752685 -1.93947004926014e+21 
0.0676865875 -1.54916016644519e+21 
0.06962049 -1.23739844408321e+21 
0.0715543925 -9.88377407697644e+20 
0.073488295 -7.89470768060396e+20 
0.0754221975 -6.30593221544518e+20 
0.0773561 -5.03689087861797e+20 
0.0792900025 -4.02323857223919e+20 
0.081223905 -3.21357936854778e+20 
0.0831578075 -2.56686054593284e+20 
0.08509171 -2.05029106383769e+20 
0.0870256125 -1.63767893550484e+20 
0.088959515 -1.30810319719981e+20 
0.0908934175 -1.04485313783246e+20 
0.09282732 -8.3458100398755e+19 
0.0947612225 -6.66625219369873e+19 
0.096695125 -5.32469803382397e+19 
0.0986290275 -4.25312579356189e+19 
0.10056293 -3.39720278989621e+19 
0.1024968325 -2.71353055513864e+19 
0.104430735 -2.16744437381557e+19 
0.1063646375 -1.7312556531521e+19 
0.10829854 -1.3828480088256e+19 
0.1102324425 -1.10455588233388e+19 
0.112166345 -8.82268831723964e+18 
0.1141002475 -7.04716079902488e+18 
0.11603415 -5.62895044476091e+18 
0.1179680525 -4.49614873467317e+18 
0.119901955 -3.5913184247551e+18 
0.1218358575 -2.86858126567803e+18 
0.12376976 -2.29129180556026e+18 
0.1257036625 -1.83017932977634e+18 
0.127637565 -1.46186372727047e+18 
0.1295714675 -1.16767003229692e+18 
0.13150537 -9.32681534461543e+17 
0.1334392725 -7.44983446234694e+17 
0.135373175 -5.95058779076331e+17 
0.1373070775 -4.7530579685426e+17 
0.13924098 -3.7965257965597e+17 
0.1411748825 -3.03249154951141e+17 
0.143108785 -2.42221586014016e+17 
0.1450426875 -1.93475548977533e+17 
0.14697659 -1.54539439148052e+17 
0.1489104925 -1.23439051489488e+17 
0.150844395 -9.85974811130699e+16 
0.1527782975 -7.87551683566693e+16 
0.1547122 -6.2906034442954e+16 
0.1566461025 -5.02464695576139e+16 
0.158580005 -4.01345868542029e+16 
0.1605139075 -3.20576764126797e+16 
0.16244781 -2.56062089467469e+16 
0.1643817125 -2.04530711516299e+16 
0.166315615 -1.63369798474905e+16 
0.1682495175 -1.3049233954092e+16 
0.17018342 -1.04231325727432e+16 
0.1721173225 -8325522633067173 
0.174051225 -6650047538968521 
0.1759851275 -5311754495134787 
0.17791903 -4.2427870855433e+15 
0.1798529325 -3.3889447017442e+15 
0.181786835 -2706934371185750 
0.1837207375 -2.16217564309488e+15 
0.18565464 -1.72704723149416e+15 
0.1875885425 -1.37948651365915e+15 
0.189522445 -1.10187087339881e+15 
0.1914563475 -880124169118653 
0.19339025 -703003021286357 
0.1953241525 -561526731430009 
0.197258055 -448521927449914 
0.1991919575 -358258847074067 
0.20112586 -286160817680808 
0.2030597625 -228572202039214 
0.204993665 -182573043956461 
0.2069275675 -145831015679716 
0.20886147 -116483160237220 
0.2107953725 -93041432617116.6 
0.212729275 -74317250371778 
0.2146631775 -59361228083728.5 
0.21659708 -47415040007274.1 
0.2185309825 -37872970143413.3 
0.220464885 -30251200194364.8 
0.2223987875 -24163278183205.6 
0.22433269 -19300523906742.2 
0.2262665925 -15416377705473.6 
0.228200495 -12313898975291.4 
0.2301343975 -9835780549139.35 
0.2320683 -7856372640781.6 
0.2340022025 -6275311935077.9 
0.235936105 -5012432796035.6 
0.2378700075 -4003702572031.77 
0.23980391 -3197974903119.24 
0.2417378125 -2554396411067.67 
0.243671715 -2040335281715.62 
0.2456056175 -1629726711083.75 
0.24753952 -1301751323236.67 
0.2494734225 -1039779550782.16 
0.251407325 -830528454187.823 
0.2533412275 -663388227530.244 
0.25527513 -529884242022.802 
0.2572090325 -423247350935.624 
0.259142935 -338070668775.033 
0.2610768375 -270035422155.225 
0.26301074 -215691971985.479 
0.2649446425 -172284903986.526 
0.266878545 -137613318977.1 
0.2688124475 -109919239130.593 
0.27074635 -87798471985.5021 
0.2726802525 -70129412684.7639 
0.274614155 -56016174453.6789 
0.2765480575 -44743163820.961 
0.27848196 -35738797378.2917 
0.2804158625 -28546520383.6664 
0.282349765 -22801657744.3261 
0.2842836675 -18212923638.3471 
0.28621757 -14547652244.1829 
0.2881514725 -11620000721.4301 
0.290085375 -9281526290.22574 
0.2920192775 -7413659632.293 
0.29395318 -5921692987.17547 
0.2958870825 -4729978117.86744 
0.297820985 -3778090664.90227 
0.2997548875 -3017766407.44075 
0.30168879 -2410454088.44374 
0.3036226925 -1925360723.09865 
0.305556595 -1537890280.39388 
0.3074904975 -1228396573.21233 
0.3094244 -981187123.85063 
0.3113583025 -783727497.25517 
0.313292205 -626005758.721739 
0.3152261075 -500024831.709388 
0.31716001 -399397016.428706 
0.3190939125 -319020109.794489 
0.321027815 -254818704.82445 
0.3229617175 -203537552.404828 
0.32489562 -162576508.098841 
0.3268295225 -129858695.189567 
0.328763425 -103725199.335075 
0.3306973275 -82850955.4645982 
0.33263123 -66177562.0697686 
0.3345651325 -52859616.3265001 
0.336499035 -42221849.0393898 
0.3384329375 -33724885.9914729 
0.34036684 -26937899.672911 
0.3423007425 -21516764.7299219 
0.344234645 -17186609.5342765 
0.3461685475 -13727879.1732798 
0.34810245 -10965203.2021945 
0.3500363525 -8758503.71290191 
0.351970255 -6995892.86493806 
0.3539041575 -5587999.7574103 
0.35583806 -4463438.9931816 
0.3577719625 -3565191.17473506 
0.359705865 -2847711.80944945 
0.3616397675 -2274622.03506965 
0.36357367 -1816864.07659801 
0.3655075725 -1451227.9094357 
0.367441475 -1159174.42513694 
0.3693753775 -925895.429918749 
0.37130928 -739562.814368318 
0.3732431825 -590728.824469689 
0.375177085 -471847.025468966 
0.3771109875 -376889.669670916 
0.37904489 -301042.067296534 
0.3809787925 -240458.463871677 
0.382912695 -192067.046225756 
0.3848465975 -153414.190182184 
0.3867805 -122540.052721343 
0.3887144025 -97879.2006777993 
0.390648305 -78181.2374785066 
0.3925822075 -62447.4034035296 
0.39451611 -49879.9347675942 
0.3964500125 -39841.6143453393 
0.398383915 -31823.4620969437 
0.4003178175 -25418.9279942153 
0.40225172 -20303.2784277929 
0.4041856225 -16217.1310099366 
0.406119525 -12953.3029263935 
0.4080534275 -10346.3060000533 
0.40998733 -8263.95582719449 
0.4119212325 -6600.66953844071 
0.413855135 -5272.11235607286 
0.4157890375 -4210.92150831834 
0.41772294 -3363.29068722643 
0.4196568425 -2686.24186949001 
0.421590745 -2145.4461714197 
0.4235246475 -1713.48324734412 
0.42545855 -1368.4509764852 
0.4273924525 -1092.85494428214 
0.429326355 -872.721410752096 
0.4312602575 -696.888790096956 
0.43319416 -556.441716946989 
0.4351280625 -444.259004303012 
0.437061965 -354.652572969821 
0.4389958675 -283.079044865252 
0.44092977 -225.909376917125 
0.4428636725 -180.244855132979 
0.444797575 -143.77011906023 
0.4467314775 -114.635764432242 
0.44866538 -91.364571519527 
0.4505992825 -72.7766046159942 
0.452533185 -57.9293849267093 
0.4544670875 -46.0701034008741 
0.45640099 -36.5974505236145 
0.4583348925 -29.0311276955764 
0.460268795 -22.9874943143171 
0.4622026975 -18.1601157742787 
0.4641366 -14.304226096873 
0.4660705025 -11.2243173884489 
0.468004405 -8.76422686568037 
0.4699383075 -6.79921882383089 
0.47187221 -5.22966007434732 
0.4738061125 -3.97596817303485 
0.475740015 -2.9745762952644 
0.4776739175 -2.17471016243314 
0.47960782 -1.53581359790851 
0.4815417225 -1.02549217860234 
0.483475625 -0.617870717691169 
0.4854095275 -0.292281296770394 
0.48734343 -0.0322153258115665 
0.4892773325 0.17551350352045 
0.491211235 0.34143781255848 
0.4931451375 0.473970578560573 
0.49507904 0.579831703829077 
0.4970129425 0.664388739656256 
0.498946845 0.731929041062879 
0.5008807475 0.785877151583458 
0.50281465 0.828968440312226 
0.5047485525 0.863387795251406 
0.506682455 0.890880405228474 
0.5086163575 0.91284024743606 
0.51055026 0.930380767240627 
0.5124841625 0.944391333988148 
0.514418065 0.955582335325272 
0.5163519675 0.964521196485165 
0.51828587 0.971661150849283 
0.5202197725 0.977364220559148 
0.522153675 0.981919572380309 
0.5240875775 0.985558179528781 
0.52602148 0.988464532868915 
0.5279553825 0.990785995283798 
0.529889285 0.992640273519448 
0.5318231875 0.994121386352961 
0.53375709 0.995304431692881 
0.5356909925 0.996249394321409 
0.537624895 0.997004187345129 
0.5395587975 0.997607081567035 
0.5414927 0.998088645958046 
0.5434266025 0.9984732976171 
0.545360505 0.998780539808538 
0.5472944075 0.999025950849873 
0.54922831 0.999221973990208 
0.5511622125 0.999378548329072 
0.553096115 0.99950361276559 
0.5550300175 0.999603508530089 
0.55696392 0.999683300707966 
0.5588978225 0.99974703505829 
0.560831725 0.999797943148772 
0.5627656275 0.999838606208227 
0.56469953 0.999871086004436 
0.5666334325 0.999897029383413 
0.568567335 0.999917751770597 
0.5705012375 0.999934303867802 
0.57243514 0.999947524927683 
0.5743690425 0.999958085306965 
0.576302945 0.999966520456007 
0.5782368475 0.999973258068118 
0.58017075 0.999978639765197 
0.5821046525 0.999982938419227 
0.584038555 0.999986371987894 
0.5859724575 0.999989114565852 
0.58790636 0.999991305211966 
0.5898402625 0.999993055000111 
0.591774165 0.999994452651028 
0.5937080675 0.999995569030798 
0.59564197 0.999996460744011 
0.5975758725 0.999997173003832 
0.599509775 0.999997741924473 
0.6014436775 0.999998196352318 
0.60337758 0.999998559328542 
0.6053114825 0.999998849257385 
0.607245385 0.999999080839314 
0.6091792875 0.999999265816391 
0.61111319 0.999999413567638 
0.6130470925 0.999999531584591 
0.614980995 0.999999625851148 
0.6169148975 0.999999701146971 
0.6188488 0.999999761289839 
0.6207827025 0.999999809329217 
0.622716605 0.99999984770088 
0.6246505075 0.999999878350413 
0.62658441 0.999999902831862 
0.6285183125 0.999999922386525 
0.630452215 0.999999938005898 
0.6323861175 0.999999950481941 
0.63432002 0.999999960447234 
0.6362539225 0.999999968407056 
0.638187825 0.999999974764998 
0.6401217275 0.999999979843432 
0.64205563 0.999999983899853 
0.6439895325 0.999999987139938 
0.645923435 0.999999989727969 
0.6478573375 0.99999999179517 
0.64979124 0.999999993446356 
0.6517251425 0.999999994765249 
0.653659045 0.99999999581872 
0.6555929475 0.999999996660184 
0.65752685 0.999999997332307 
0.6594607525 0.999999997869169 
0.661394655 0.999999998297989 
0.6633285575 0.999999998640512 
0.66526246 0.999999998914103 
0.6671963625 0.999999999132635 
0.669130265 0.999999999307188 
0.6710641675 0.999999999446614 
0.67299807 0.99999999955798 
0.6749319725 0.999999999646935 
0.676865875 0.999999999717988 
0.6787997775 0.999999999774741 
0.68073368 0.999999999820074 
0.6826675825 0.999999999856283 
0.684601485 0.999999999885205 
0.6865353875 0.999999999908307 
0.68846929 0.99999999992676 
0.6904031925 0.999999999941499 
0.692337095 0.999999999953272 
0.6942709975 0.999999999962676 
0.6962049 0.999999999970187 
0.6981388025 0.999999999976187 
0.700072705 0.999999999980979 
0.7020066075 0.999999999984807 
0.70394051 0.999999999987865 
0.7058744125 0.999999999990307 
0.707808315 0.999999999992258 
0.7097422175 0.999999999993816 
0.71167612 0.99999999999506 
0.7136100225 0.999999999996054 
0.715543925 0.999999999996848 
0.7174778275 0.999999999997483 
0.71941173 0.999999999997989 
0.7213456325 0.999999999998394 
0.723279535 0.999999999998717 
0.7252134375 0.999999999998975 
0.72714734 0.999999999999182 
0.7290812425 0.999999999999346 
0.731015145 0.999999999999478 
0.7329490475 0.999999999999583 
0.73488295 0.999999999999667 
0.7368168525 0.999999999999734 
0.738750755 0.999999999999787 
0.7406846575 0.99999999999983 
0.74261856 0.999999999999864 
0.7445524625 0.999999999999892 
0.746486365 0.999999999999914 
0.7484202675 0.999999999999931 
0.75035417 0.999999999999945 
0.7522880725 0.999999999999956 
0.754221975 0.999999999999965 
0.7561558775 0.999999999999972 
0.75808978 0.999999999999978 
0.7600236825 0.999999999999982 
0.761957585 0.999999999999986 
0.7638914875 0.999999999999989 
0.76582539 0.999999999999991 
0.7677592925 0.999999999999993 
0.769693195 0.999999999999994 
0.7716270975 0.999999999999995 
0.773561 0.999999999999996 
