0.492208
0.502846
0.505177
0.489549
0.495124
0.493026
0.484937
0.495881
0.4837
0.507896
0.773561
0.486886
0.509509
0.495062
0.493574
0.494078
0.495137
0.493711
0.49025
0.485447
0.495766
0.499011
0.496353
0.491725
0.500162
0.49899
0.495175
0.49392
0.482889
0.489658
0.495652
0.48428
0.498944
0.484609
0.500996
0.481767
0.499443
0.502776
0.504355
0.502529
0.510147
0.508063
0.48844
0.471913
0.495866
0.499038
0.488547
0.503781
0.493022
0.48819
0.507789
0.518588
0.499209
0.496898
0.504011
0.498338
0.506937
0.488955
0.505711
0.500036
0.490902
0.495603
0.506634
0.507712
0.504193
0.499254
0.492854
0.498855
0.504277
0.498893
0.494862
0.489139
0.48215
0.504936
0.494388
0.494224
0.500156
0.505547
0.488052
0.49175
0.4956
0.50504
0.499634
0.512101
0.48354
0.493823
0.494496
0.49663
0.490741
0.484765
0.496958
0.486102
0.49533
0.495494
0.494525
0.505365
0.489305
0.492369
0.490121
0.489599
0.494704
0.501246
0.494002
0.49379
0.484024
0.490661
0.482007
0.493823
0.490541
0.503419
0.493738
0.509118
0.506327
0.494335
0.489569
0.491076
0.495351
0.491639
0.494599
0.495664
0.495866
0.49766
0.497002
0.48873
0.497876
0.484907
0.506894
0.493354
0.49045
0.488759
0.489882
0.497574
0.492022
0.485664
0.495155
0.480355
0.498009
0.501731
0.497956
0.484766
0.506928
0.490134
0.48844
0.486473
0.493059
0.49225
0.493431
0.490953
0.494183
0.492374
0.495937
0.497158
0.485653
0.48786
0.502121
0.498961
0.491634
0.498068
0.495818
0.479695
0.502097
0.517107
0.506566
0.490827
0.481918
0.500488
0.492172
0.47896
0.491552
0.496444
0.501707
0.487116
0.496304
0.488359
0.485178
0.491223
0.489989
0.498562
0.504546
0.47963
0.481072
0.492709
0.496192
0.510195
0.506961
0.497966
0.504291
0.49127
0.493589
0.496123
0.500186
0.489746
0.48828
0.489707
0.491819
0.492823
0.48912
0.49383
0.499684