0.482374
0.485
0.485454
0.489936
0.493164
0.493264
0.497863
0.500625
0.746714
0.748855
0.749302
0.752028
0.755105
0.755961
0.757372
0.764826
1.017624
1.021375
1.026602
1.034976
1.035759
1.039811
1.290311
1.552989
1.569393
1.570269
2.098377
2.315936
2.338703
2.339433
2.588859
2.611357
2.643234
2.859681
3.141818
3.146028
3.165623
3.413651
3.414766
3.424919
3.671026
3.94414
3.971243
4.215067
4.215378
4.454657
4.482331
4.496961
5.006928
5.031181
5.073219
5.192296
5.280595
5.284969
5.497318
5.74047
5.803742
5.810144
6.06944
6.373814
6.581326
6.641238
6.876606
7.137638
7.352885
7.647167
8.141577
8.197014
8.212707
9.198203
9.208551
9.273247
9.72895
9.753512
9.769785
10.25846
10.30871
10.32904
10.40373
10.80953
11.04940
11.08035
11.22764
11.33125
11.61370
11.66953
11.80411
12.19377
12.21408
12.38243
12.69803
13.07211
13.13337
13.40873
13.47531
13.50916
13.71282
13.72978
14.05418
14.30883
14.71858
14.93842
15.20851
15.36374
15.43559
15.57137
15.63541
15.77366
16.00751
16.07920
16.33404
16.55983
16.65568
17.03048
17.42275
17.93849
17.94228
19.13387
19.8678
20.63642
20.67416
20.84630
21.13316
21.27973
21.28682
21.41010
21.64090
22.70995
22.74028
22.90095
23.04248
23.14320
23.18716
23.19818
23.71794
25.53315
25.54387
25.79333
25.99739
26.16190
26.29095
26.49996
27.11945
27.18626
27.47968
27.54057
27.85011
28.17715
28.58809
28.59878
28.64559
29.04734
29.27791
29.45636
29.68039
30.11639
30.98445
31.07437
31.73780
31.86546
32.14729
32.82633
32.95731
34.28795
34.38626
35.43812
35.57558
36.00671
36.16022
36.83584
37.45907
37.54710
38.00367
38.67684
38.97224
39.11653
39.65693
40.81245
42.21596
42.90037
43.63233
43.66343
46.30153
46.33087
49.86796
50.67866
51.18979
54.03605
54.40111
55.24329
57.96202
59.43835
61.35234
72.81462
81.86500
85.15551
85.66084
88.43087
90.53455
128.8779