0.483816
0.490215
0.491624
0.491624
0.751347
0.753136
0.753257
0.758359
0.759151
0.759222
0.762271
0.762655
0.764463
0.765365
0.767601
0.768201
0.769526
0.770802
0.789124
1.013746
1.014392
1.020572
1.034295
1.035068
1.039193
1.04748
1.288983
1.291208
1.292554
1.293595
1.316065
1.327317
1.55859
1.580952
2.093018
2.637708
2.646516
2.655597
2.901394
3.120559
3.148611
3.4258
3.445806
3.701388
4.241885
4.506682
4.529019
4.783365
5.264108
5.302945
5.560038
5.850097
6.109467
6.143617
6.182047
6.628925
6.932232
6.958334
7.435028
7.72122
8.28691
8.450138
8.528225
8.575874
8.590031
9.078212
9.355062
9.657687
9.88511
9.944641
11.00852
11.20159
11.52301
12.27702
12.60364
12.79018
13.24898
13.62856
14.10881
14.68779
15.22527
15.44727
15.53066
15.54069
15.8114
16.4789
16.58217
18.41047
20.33614
20.67801
20.74352
20.75027
21.30355
22.35398
22.76625
22.97094
23.11595
23.52108
23.97999
24.58814
25.38891
25.40894
25.42073
25.80209
25.83219
29.61500
29.69929
29.77997
30.86282
30.95229
31.30891
31.70267
32.04138
32.58435
33.29808
33.46173
33.89830
35.09959
35.69880
36.80641
36.86299
37.54217
38.36556
38.91749
38.93907
39.47214
40.01255
40.16548
41.35348
41.59681
41.84093
42.05387
42.16832
42.96783
43.43436
43.59249
43.84494
45.24837
45.59001
45.60209
46.31812
46.68488
47.16624
47.52393
48.17429
48.70435
50.29291
51.41597
51.99011
53.23015
53.49343
54.57836
54.77037
54.83056
55.55166
55.83521
56.20790
56.86867
58.03882
58.45427
59.31130
60.21618
60.27318
60.78025
60.97838
62.20356
63.35308
63.53015
63.54501
63.97908
64.84129
64.84489
65.54854
66.69988
66.99592
70.05138
71.17204
71.61230
72.62581
73.11629
73.40789
75.74922
78.30824
78.38698
85.34063
90.56585
92.23370
96.10288
101.9378
102.8580
105.6310
107.2620
111.6958
120.9203
125.0558
126.6366
129.4609
131.1860