0.483816	0.0025
0.490215	0.0075
0.491624	0.0125
0.491624	0.0175
0.751347	0.0225
0.753136	0.0275
0.753257	0.0325
0.758359	0.0375
0.759151	0.0425
0.759222	0.0475
0.762271	0.0525
0.762655	0.0575
0.764463	0.0625
0.765365	0.0675
0.767601	0.0725
0.768201	0.0775
0.769526	0.0825
0.770802	0.0875
0.789124	0.0925
1.013746	0.0975
1.014392	0.1025
1.020572	0.1075
1.034295	0.1125
1.035068	0.1175
1.039193	0.1225
1.04748	0.1275
1.288983	0.1325
1.291208	0.1375
1.292554	0.1425
1.293595	0.1475
1.316065	0.1525
1.327317	0.1575
1.55859	0.1625
1.580952	0.1675
2.093018	0.1725
2.637708	0.1775
2.646516	0.1825
2.655597	0.1875
2.901394	0.1925
3.120559	0.1975
3.148611	0.2025
3.4258	0.2075
3.445806	0.2125
3.701388	0.2175
4.241885	0.2225
4.506682	0.2275
4.529019	0.2325
4.783365	0.2375
5.264108	0.2425
5.302945	0.2475
5.560038	0.2525
5.850097	0.2575
6.109467	0.2625
6.143617	0.2675
6.182047	0.2725
6.628925	0.2775
6.932232	0.2825
6.958334	0.2875
7.435028	0.2925
7.72122	0.2975
8.28691	0.3025
8.450138	0.3075
8.528225	0.3125
8.575874	0.3175
8.590031	0.3225
9.078212	0.3275
9.355062	0.3325
9.657687	0.3375
9.88511	0.3425
9.944641	0.3475
11.00852	0.3525
11.20159	0.3575
11.52301	0.3625
12.27702	0.3675
12.60364	0.3725
12.79018	0.3775
13.24898	0.3825
13.62856	0.3875
14.10881	0.3925
14.68779	0.3975
15.22527	0.4025
15.44727	0.4075
15.53066	0.4125
15.54069	0.4175
15.8114	0.4225
16.4789	0.4275
16.58217	0.4325
18.41047	0.4375
20.33614	0.4425
20.67801	0.4475
20.74352	0.4525
20.75027	0.4575
21.30355	0.4625
22.35398	0.4675
22.76625	0.4725
22.97094	0.4775
23.11595	0.4825
23.52108	0.4875
23.97999	0.4925
24.58814	0.4975
25.38891	0.5025
25.40894	0.5075
25.42073	0.5125
25.80209	0.5175
25.83219	0.5225
29.615	0.5275
29.69929	0.5325
29.77997	0.5375
30.86282	0.5425
30.95229	0.5475
31.30891	0.5525
31.70267	0.5575
32.04138	0.5625
32.58435	0.5675
33.29808	0.5725
33.46173	0.5775
33.8983	0.5825
35.09959	0.5875
35.6988	0.5925
36.80641	0.5975
36.86299	0.6025
37.54217	0.6075
38.36556	0.6125
38.91749	0.6175
38.93907	0.6225
39.47214	0.6275
40.01255	0.6325
40.16548	0.6375
41.35348	0.6425
41.59681	0.6475
41.84093	0.6525
42.05387	0.6575
42.16832	0.6625
42.96783	0.6675
43.43436	0.6725
43.59249	0.6775
43.84494	0.6825
45.24837	0.6875
45.59001	0.6925
45.60209	0.6975
46.31812	0.7025
46.68488	0.7075
47.16624	0.7125
47.52393	0.7175
48.17429	0.7225
48.70435	0.7275
50.29291	0.7325
51.41597	0.7375
51.99011	0.7425
53.23015	0.7475
53.49343	0.7525
54.57836	0.7575
54.77037	0.7625
54.83056	0.7675
55.55166	0.7725
55.83521	0.7775
56.2079	0.7825
56.86867	0.7875
58.03882	0.7925
58.45427	0.7975
59.3113	0.8025
60.21618	0.8075
60.27318	0.8125
60.78025	0.8175
60.97838	0.8225
62.20356	0.8275
63.35308	0.8325
63.53015	0.8375
63.54501	0.8425
63.97908	0.8475
64.84129	0.8525
64.84489	0.8575
65.54854	0.8625
66.69988	0.8675
66.99592	0.8725
70.05138	0.8775
71.17204	0.8825
71.6123	0.8875
72.62581	0.8925
73.11629	0.8975
73.40789	0.9025
75.74922	0.9075
78.30824	0.9125
78.38698	0.9175
85.34063	0.9225
90.56585	0.9275
92.2337	0.9325
96.10288	0.9375
101.9378	0.9425
102.858	0.9475
105.631	0.9525
107.262	0.9575
111.6958	0.9625
120.9203	0.9675
125.0558	0.9725
126.6366	0.9775
129.4609	0.9825
131.186	0.9875
