0.482374	0.0025
0.485	0.0075
0.485454	0.0125
0.489936	0.0175
0.493164	0.0225
0.493264	0.0275
0.497863	0.0325
0.500625	0.0375
0.746714	0.0425
0.748855	0.0475
0.749302	0.0525
0.752028	0.0575
0.755105	0.0625
0.755961	0.0675
0.757372	0.0725
0.764826	0.0775
1.017624	0.0825
1.021375	0.0875
1.026602	0.0925
1.034976	0.0975
1.035759	0.1025
1.039811	0.1075
1.290311	0.1125
1.552989	0.1175
1.569393	0.1225
1.570269	0.1275
2.098377	0.1325
2.315936	0.1375
2.338703	0.1425
2.339433	0.1475
2.588859	0.1525
2.611357	0.1575
2.643234	0.1625
2.859681	0.1675
3.141818	0.1725
3.146028	0.1775
3.165623	0.1825
3.413651	0.1875
3.414766	0.1925
3.424919	0.1975
3.671026	0.2025
3.94414	0.2075
3.971243	0.2125
4.215067	0.2175
4.215378	0.2225
4.454657	0.2275
4.482331	0.2325
4.496961	0.2375
5.006928	0.2425
5.031181	0.2475
5.073219	0.2525
5.192296	0.2575
5.280595	0.2625
5.284969	0.2675
5.497318	0.2725
5.74047	0.2775
5.803742	0.2825
5.810144	0.2875
6.06944	0.2925
6.373814	0.2975
6.581326	0.3025
6.641238	0.3075
6.876606	0.3125
7.137638	0.3175
7.352885	0.3225
7.647167	0.3275
8.141577	0.3325
8.197014	0.3375
8.212707	0.3425
9.198203	0.3475
9.208551	0.3525
9.273247	0.3575
9.72895	0.3625
9.753512	0.3675
9.769785	0.3725
10.25846	0.3775
10.30871	0.3825
10.32904	0.3875
10.40373	0.3925
10.80953	0.3975
11.0494	0.4025
11.08035	0.4075
11.22764	0.4125
11.33125	0.4175
11.6137	0.4225
11.66953	0.4275
11.80411	0.4325
12.19377	0.4375
12.21408	0.4425
12.38243	0.4475
12.69803	0.4525
13.07211	0.4575
13.13337	0.4625
13.40873	0.4675
13.47531	0.4725
13.50916	0.4775
13.71282	0.4825
13.72978	0.4875
14.05418	0.4925
14.30883	0.4975
14.71858	0.5025
14.93842	0.5075
15.20851	0.5125
15.36374	0.5175
15.43559	0.5225
15.57137	0.5275
15.63541	0.5325
15.77366	0.5375
16.00751	0.5425
16.0792	0.5475
16.33404	0.5525
16.55983	0.5575
16.65568	0.5625
17.03048	0.5675
17.42275	0.5725
17.93849	0.5775
17.94228	0.5825
19.13387	0.5875
19.8678	0.5925
20.63642	0.5975
20.67416	0.6025
20.8463	0.6075
21.13316	0.6125
21.27973	0.6175
21.28682	0.6225
21.4101	0.6275
21.6409	0.6325
22.70995	0.6375
22.74028	0.6425
22.90095	0.6475
23.04248	0.6525
23.1432	0.6575
23.18716	0.6625
23.19818	0.6675
23.71794	0.6725
25.53315	0.6775
25.54387	0.6825
25.79333	0.6875
25.99739	0.6925
26.1619	0.6975
26.29095	0.7025
26.49996	0.7075
27.11945	0.7125
27.18626	0.7175
27.47968	0.7225
27.54057	0.7275
27.85011	0.7325
28.17715	0.7375
28.58809	0.7425
28.59878	0.7475
28.64559	0.7525
29.04734	0.7575
29.27791	0.7625
29.45636	0.7675
29.68039	0.7725
30.11639	0.7775
30.98445	0.7825
31.07437	0.7875
31.7378	0.7925
31.86546	0.7975
32.14729	0.8025
32.82633	0.8075
32.95731	0.8125
34.28795	0.8175
34.38626	0.8225
35.43812	0.8275
35.57558	0.8325
36.00671	0.8375
36.16022	0.8425
36.83584	0.8475
37.45907	0.8525
37.5471	0.8575
38.00367	0.8625
38.67684	0.8675
38.97224	0.8725
39.11653	0.8775
39.65693	0.8825
40.81245	0.8875
42.21596	0.8925
42.90037	0.8975
43.63233	0.9025
43.66343	0.9075
46.30153	0.9125
46.33087	0.9175
49.86796	0.9225
50.67866	0.9275
51.18979	0.9325
54.03605	0.9375
54.40111	0.9425
55.24329	0.9475
57.96202	0.9525
59.43835	0.9575
61.35234	0.9625
72.81462	0.9675
81.865	0.9725
85.15551	0.9775
85.66084	0.9825
88.43087	0.9875
90.53455	0.9925
128.8779	0.9975
