0.509076	0.0025
0.510735	0.0075
0.519356	0.0125
0.519456	0.0175
0.52063	0.0225
0.521217	0.0275
0.522286	0.0325
0.529407	0.0375
0.781913	0.0425
0.788778	0.0475
0.795977	0.0525
1.064453	0.0575
1.067483	0.0625
1.069558	0.0675
1.072634	0.0725
1.073124	0.0775
1.121603	0.0825
1.26508	0.0875
1.334958	0.0925
1.344819	0.0975
1.346613	0.1025
1.351546	0.1075
1.357631	0.1125
1.607158	0.1175
1.615304	0.1225
1.620902	0.1275
1.637289	0.1325
1.882016	0.1375
1.906529	0.1425
2.165704	0.1475
2.170234	0.1525
2.198038	0.1575
2.209635	0.1625
2.461933	0.1675
2.991178	0.1725
3.019764	0.1775
3.301203	0.1825
3.616841	0.1875
4.682146	0.1925
4.975719	0.1975
6.398312	0.2025
6.606291	0.2075
6.671075	0.2125
7.194074	0.2175
7.418617	0.2225
7.465071	0.2275
8.062296	0.2325
8.641814	0.2375
9.105874	0.2425
9.318383	0.2475
9.397544	0.2525
9.400343	0.2575
10.011027	0.2625
10.241777	0.2675
10.277227	0.2725
10.305393	0.2775
11.381086	0.2825
11.660848	0.2875
12.795618	0.2925
13.161248	0.2975
13.261601	0.3025
13.287391	0.3075
13.772775	0.3125
14.352772	0.3175
14.987242	0.3225
19.752205	0.3275
19.955941	0.3325
20.311041	0.3375
20.314176	0.3425
21.679667	0.3475
26.446267	0.3525
28.013681	0.3575
29.427392	0.3625
30.226189	0.3675
34.760788	0.3725
36.92795	0.3775
39.095608	0.3825
39.30501	0.3875
39.632781	0.3925
41.004759	0.3975
41.435917	0.4025
45.415205	0.4075
46.673058	0.4125
51.767747	0.4175
53.043418	0.4225
53.087007	0.4275
55.389256	0.4325
59.905614	0.4375
60.186795	0.4425
68.988663	0.4475
71.81474	0.4525
73.515274	0.4575
73.591131	0.4625
73.825807	0.4675
77.027938	0.4725
77.742964	0.4775
77.931912	0.4825
82.993169	0.4875
91.849732	0.4925
93.234878	0.4975
101.567477	0.5025
103.944051	0.5075
108.12253	0.5125
122.015294	0.5175
123.83257	0.5225
136.362407	0.5275
136.400312	0.5325
136.84375	0.5375
145.30345	0.5425
148.589774	0.5475
