0.373321	0.002551020408163265
0.56815	0.007653061224489796
0.66015	0.012755102040816327
0.860668	0.017857142857142856
0.867512	0.02295918367346939
1.582526	0.02806122448979592
1.635455	0.03316326530612245
1.827101	0.03826530612244898
2.436197	0.04336734693877551
3.105287	0.04846938775510204
3.947777	0.05357142857142857
4.313402	0.058673469387755105
4.869951	0.06377551020408163
5.28438	0.06887755102040816
7.924292	0.07397959183673469
12.53235	0.07908163265306123
13.43491	0.08418367346938775
13.68764	0.08928571428571429
14.78694	0.09438775510204081
16.61509	0.09948979591836735
17.6484	0.10459183673469388
18.0179	0.1096938775510204
18.63971	0.11479591836734694
20.72511	0.11989795918367346
21.53379	0.125
21.69106	0.13010204081632654
23.36914	0.13520408163265307
24.61423	0.14030612244897958
24.73699	0.14540816326530612
26.95106	0.15051020408163265
27.18556	0.1556122448979592
27.70073	0.16071428571428573
29.60816	0.16581632653061223
31.11093	0.17091836734693877
31.72097	0.1760204081632653
31.90681	0.18112244897959184
32.81998	0.18622448979591838
33.00446	0.1913265306122449
33.48733	0.19642857142857142
33.69477	0.20153061224489796
33.81542	0.2066326530612245
34.2904	0.21173469387755103
34.68557	0.21683673469387754
35.8521	0.22193877551020408
36.12294	0.22704081632653061
37.57076	0.23214285714285715
38.87496	0.2372448979591837
39.11833	0.2423469387755102
39.19954	0.24744897959183673
39.44866	0.25255102040816324
39.60835	0.2576530612244898
40.04437	0.2627551020408163
40.78951	0.26785714285714285
41.37147	0.2729591836734694
41.58143	0.2780612244897959
42.27847	0.28316326530612246
42.78849	0.288265306122449
42.92246	0.29336734693877553
43.12824	0.29846938775510207
43.69577	0.30357142857142855
43.72731	0.3086734693877551
45.12728	0.3137755102040816
45.20011	0.31887755102040816
46.194	0.3239795918367347
46.56694	0.32908163265306123
46.6976	0.33418367346938777
46.84597	0.3392857142857143
46.99302	0.34438775510204084
47.67802	0.3494897959183674
48.84448	0.35459183673469385
49.0861	0.3596938775510204
49.17934	0.3647959183673469
49.95356	0.36989795918367346
51.11551	0.375
51.2357	0.38010204081632654
51.53202	0.3852040816326531
52.36871	0.3903061224489796
53.379	0.39540816326530615
54.69891	0.4005102040816326
58.37297	0.40561224489795916
60.57464	0.4107142857142857
60.82119	0.41581632653061223
61.20106	0.42091836734693877
61.77189	0.4260204081632653
63.09847	0.43112244897959184
63.93669	0.4362244897959184
64.2744	0.4413265306122449
64.30475	0.44642857142857145
65.60131	0.45153061224489793
66.34327	0.45663265306122447
66.77731	0.461734693877551
69.21907	0.46683673469387754
69.69609	0.4719387755102041
70.32023	0.4770408163265306
70.5475	0.48214285714285715
72.7331	0.4872448979591837
72.82284	0.4923469387755102
73.17208	0.49744897959183676
74.12397	0.5025510204081632
74.34007	0.5076530612244898
74.55472	0.5127551020408163
74.73999	0.5178571428571429
75.51477	0.5229591836734694
77.93	0.5280612244897959
84.79852	0.5331632653061225
88.1452	0.5382653061224489
88.74871	0.5433673469387755
91.32349	0.548469387755102
91.78561	0.5535714285714286
92.38612	0.5586734693877551
93.80075	0.5637755102040817
94.18895	0.5688775510204082
94.60733	0.5739795918367347
95.28202	0.5790816326530612
96.84774	0.5841836734693877
97.74311	0.5892857142857143
98.19454	0.5943877551020408
100.4594	0.5994897959183674
101.883	0.6045918367346939
102.5409	0.6096938775510204
102.7125	0.6147959183673469
103.2564	0.6198979591836735
103.9795	0.625
104.0939	0.6301020408163265
104.1726	0.6352040816326531
105.4506	0.6403061224489796
105.9187	0.6454081632653061
106.0151	0.6505102040816326
107.4384	0.6556122448979592
107.5326	0.6607142857142857
109.37	0.6658163265306123
110.4917	0.6709183673469388
111.5514	0.6760204081632653
111.7301	0.6811224489795918
112.8104	0.6862244897959183
117.8013	0.6913265306122449
119.4474	0.6964285714285714
120.1392	0.701530612244898
120.5613	0.7066326530612245
121.8311	0.7117346938775511
123.6477	0.7168367346938775
126.4265	0.7219387755102041
126.4596	0.7270408163265306
127.309	0.7321428571428571
130.5281	0.7372448979591837
130.7889	0.7423469387755102
131.4873	0.7474489795918368
133.8011	0.7525510204081632
135.1439	0.7576530612244898
135.1796	0.7627551020408163
137.1468	0.7678571428571429
137.5368	0.7729591836734694
138.1145	0.7780612244897959
139.0361	0.7831632653061225
139.3895	0.7882653061224489
140.0894	0.7933673469387755
140.2729	0.798469387755102
141.8492	0.8035714285714286
142.2168	0.8086734693877551
142.6131	0.8137755102040817
143.6497	0.8188775510204082
143.8356	0.8239795918367347
146.5674	0.8290816326530612
147.9942	0.8341836734693877
