0.182097	0.002551020408163265
0.182294	0.007653061224489796
0.283212	0.012755102040816327
0.696041	0.017857142857142856
0.698361	0.02295918367346939
0.791884	0.02806122448979592
0.893372	0.03316326530612245
1.320756	0.03826530612244898
1.710187	0.04336734693877551
1.721459	0.04846938775510204
1.739263	0.05357142857142857
3.670241	0.058673469387755105
3.829784	0.06377551020408163
4.564065	0.06887755102040816
4.800516	0.07397959183673469
5.201322	0.07908163265306123
5.371428	0.08418367346938775
5.430872	0.08928571428571429
6.215491	0.09438775510204081
7.173033	0.09948979591836735
7.710565	0.10459183673469388
8.396695	0.1096938775510204
10.929307	0.11479591836734694
11.85574	0.11989795918367346
12.46596	0.125
15.207451	0.13010204081632654
15.85299	0.13520408163265307
15.951617	0.14030612244897958
16.005049	0.14540816326530612
16.18763	0.15051020408163265
16.811218	0.1556122448979592
17.957936	0.16071428571428573
21.003765	0.16581632653061223
21.69543	0.17091836734693877
22.020049	0.1760204081632653
22.404675	0.18112244897959184
24.013361	0.18622448979591838
24.405476	0.1913265306122449
26.295584	0.19642857142857142
26.381935	0.20153061224489796
26.813717	0.2066326530612245
27.927369	0.21173469387755103
31.008726	0.21683673469387754
32.470276	0.22193877551020408
33.21401	0.22704081632653061
34.400886	0.23214285714285715
35.591303	0.2372448979591837
37.579468	0.2423469387755102
37.664404	0.24744897959183673
39.065168	0.25255102040816324
40.960514	0.2576530612244898
42.803517	0.2627551020408163
43.257833	0.26785714285714285
44.130445	0.2729591836734694
45.354979	0.2780612244897959
46.196228	0.28316326530612246
46.203568	0.288265306122449
46.481609	0.29336734693877553
46.684402	0.29846938775510207
46.805916	0.30357142857142855
52.03683	0.3086734693877551
52.719572	0.3137755102040816
53.517162	0.31887755102040816
55.188569	0.3239795918367347
55.768495	0.32908163265306123
55.966305	0.33418367346938777
56.063451	0.3392857142857143
56.857798	0.34438775510204084
58.206126	0.3494897959183674
60.651675	0.35459183673469385
60.860431	0.3596938775510204
62.926685	0.3647959183673469
62.987824	0.36989795918367346
62.988997	0.375
63.46815	0.38010204081632654
63.843096	0.3852040816326531
65.58826	0.3903061224489796
66.155915	0.39540816326530615
66.93473	0.4005102040816326
67.496474	0.40561224489795916
70.515017	0.4107142857142857
70.668869	0.41581632653061223
71.557094	0.42091836734693877
71.656113	0.4260204081632653
72.683591	0.43112244897959184
73.981006	0.4362244897959184
74.490526	0.4413265306122449
74.71125	0.44642857142857145
74.848538	0.45153061224489793
75.688423	0.45663265306122447
77.070476	0.461734693877551
77.382215	0.46683673469387754
79.540663	0.4719387755102041
80.661592	0.4770408163265306
81.345439	0.48214285714285715
82.133466	0.4872448979591837
82.624072	0.4923469387755102
83.025404	0.49744897959183676
83.030114	0.5025510204081632
83.170229	0.5076530612244898
83.736466	0.5127551020408163
85.788386	0.5178571428571429
86.734013	0.5229591836734694
88.63386	0.5280612244897959
88.782243	0.5331632653061225
92.264487	0.5382653061224489
92.705709	0.5433673469387755
95.205776	0.548469387755102
96.120238	0.5535714285714286
97.750183	0.5586734693877551
97.979999	0.5637755102040817
98.299426	0.5688775510204082
99.9538	0.5739795918367347
100.674221	0.5790816326530612
100.929724	0.5841836734693877
103.282912	0.5892857142857143
105.224121	0.5943877551020408
106.863097	0.5994897959183674
107.555565	0.6045918367346939
108.597936	0.6096938775510204
108.891468	0.6147959183673469
109.354387	0.6198979591836735
113.235108	0.625
113.450883	0.6301020408163265
113.634357	0.6352040816326531
116.959785	0.6403061224489796
118.460382	0.6454081632653061
119.295667	0.6505102040816326
119.349398	0.6556122448979592
122.741407	0.6607142857142857
123.168344	0.6658163265306123
123.597407	0.6709183673469388
126.88183	0.6760204081632653
129.102462	0.6811224489795918
130.806487	0.6862244897959183
131.411955	0.6913265306122449
131.666751	0.6964285714285714
131.831978	0.701530612244898
132.457905	0.7066326530612245
133.966759	0.7117346938775511
134.035126	0.7168367346938775
135.586557	0.7219387755102041
136.535419	0.7270408163265306
139.910555	0.7321428571428571
140.226894	0.7372448979591837
141.926189	0.7423469387755102
142.875113	0.7474489795918368
143.689203	0.7525510204081632
144.651942	0.7576530612244898
145.168365	0.7627551020408163
145.651535	0.7678571428571429
146.481601	0.7729591836734694
149.223614	0.7780612244897959
149.413595	0.7831632653061225
149.962473	0.7882653061224489
