147.9942
146.5674
143.8356
143.6497
142.6131
142.2168
141.8492
140.2729
140.0894
139.3895
139.0361
138.1145
137.5368
137.1468
135.1796
135.1439
133.8011
131.4873
130.7889
130.5281
127.3090
126.4596
126.4265
123.6477
121.8311
120.5613
120.1392
119.4474
117.8013
112.8104
111.7301
111.5514
110.4917
109.3700
107.5326
107.4384
106.0151
105.9187
105.4506
104.1726
104.0939
103.9795
103.2564
102.7125
102.5409
101.8830
100.4594
98.19454
97.74311
96.84774
95.28202
94.60733
94.18895
93.80075
92.38612
91.78561
91.32349
88.74871
88.14520
84.79852
77.93000
75.51477
74.73999
74.55472
74.34007
74.12397
73.17208
72.82284
72.73310
70.54750
70.32023
69.69609
69.21907
66.77731
66.34327
65.60131
64.30475
64.2744	
63.93669
63.09847
61.77189
61.20106
60.82119
60.57464
58.37297
54.69891
53.37900
52.36871
51.53202
51.23570
51.11551
49.95356
49.17934
49.0861	
48.84448
47.67802
46.99302
46.84597
46.69760
46.56694
46.19400
45.20011
45.12728
43.72731
43.69577
43.12824
42.92246
42.78849
42.27847
41.58143
41.37147
40.78951
40.04437
39.60835
39.44866
39.19954
39.11833
38.87496
37.57076
36.12294
35.85210
34.68557
34.29040
33.81542
33.69477
33.48733
33.00446
32.81998
31.90681
31.72097
31.11093
29.60816
27.70073
27.18556
26.95106
24.73699
24.61423
23.36914
21.69106
21.53379
20.72511
18.63971
18.01790
17.64840
16.61509
14.78694
13.68764
13.43491
12.53235
7.924292
5.28438	
4.869951
4.313402
3.947777
3.105287
2.436197
1.827101
1.635455
1.582526
0.867512
0.860668
0.66015
0.56815
0.373321