0.00250313021811848  0.487607396209808 
0.00752826642079152  0.487628209201155 
0.0125787822068601  0.487656109511396 
0.0176549352387207  0.487687046912513 
0.0227569871226162  0.487719847736389 
0.0278852034895357  0.487753977083957 
0.0330398540782002  0.487789138540299 
0.0382212128201977  0.487825148100304 
0.043429557927336  0.487861882674853 
0.048665171981281  0.487899255452134 
0.0539283420255556  0.487937202758092 
0.0592193596599712  0.487975676468667 
0.0645385211375712  0.48801463935163 
0.0698861274641664  0.488054062064556 
0.0752624845005469  0.488093921141957 
0.0806679030674548  0.488134197600536 
0.0861026990534117  0.488174875945503 
0.0915671935254905  0.488215943445585 
0.0970617128431312  0.488257389593086 
0.102586588775101  0.488299205694465 
0.108142158619703  0.488341384554927 
0.113728765328343  0.488383920232014 
0.119346757632566  0.488426807840673 
0.124996490174685  0.488470043397316 
0.130678323642116  0.488513623693807 
0.136392624905555  0.488557546194714 
0.142139767161123  0.488601808952829 
0.147920130076622  0.488646410539203 
0.153734099942042  0.488691349984814 
0.159582069824465  0.488736626731635 
0.165464439727532  0.488782240591362 
0.17138161675562  0.488828191710444 
0.177334015282916  0.488874480540321 
0.183322057127538  0.488921107811987 
0.189346171730919  0.488968074514205 
0.19540679634261  0.489015381874771 
0.201504376210729  0.489063031344384 
0.207639364778244  0.489111024582732 
0.213812223885325  0.489159363446473 
0.220023423977966  0.489208049978859 
0.226273444323137  0.489257086400776 
0.232562773230701  0.489306475103012 
0.238891908282349  0.489356218639615 
0.245261356567829  0.489406319722193 
0.251671634928748  0.489456781215053 
0.258123270210237  0.489507606131085 
0.264616799520785  0.48955879762831 
0.27115277050057  0.48961035900702 
0.277731741598613  0.489662293707461 
0.284354282359106  0.489714605307988 
0.291020973717295  0.489767297523681 
0.297732408305282  0.489820374205348 
0.304489190768162  0.48987383933891 
0.311291938090915  0.489927697045129 
0.318141279936489  0.489981951579658 
0.32503785899555  0.490036607333391 
0.331982331348361  0.490091668833092 
0.338975366839331  0.490147140742303 
0.346017649464744  0.490203027862499 
0.353109877774236  0.490259335134492 
0.360252765286616  0.490316067640071 
0.367447040920644  0.490373230603873 
0.374693449441411  0.490430829395482 
0.381992751923022  0.490488869531739 
0.389345726228281  0.490547356679278 
0.396753167506143  0.490606296657273 
0.404215888707733  0.4906656954404 
0.41173472112176  0.490725559162017 
0.419310514930217  0.490785894117555 
0.426944139785288  0.490846706768128 
0.434636485408444  0.490908003744367 
0.442388462212762  0.490969791850473 
0.450201001949556  0.491032078068501 
0.458075058380462  0.491094869562881 
0.466011607976198  0.491158173685168 
0.474011650643274  0.491221997979055 
0.482076210480005  0.49128635018562 
0.490206336563255  0.491351238248853 
0.498403103767434  0.491416670321445 
0.506667613617327  0.491482654770855 
0.515000995176471  0.491549200185681 
0.523404405972851  0.49161631538232 
0.531879032963823  0.491684009411956 
0.540426093542281  0.49175229156787 
0.549046836586188  0.491821171393098 
0.557742543553742  0.49189065868845 
0.566514529626579  0.491960763520896 
0.575364144903562  0.492031496232363 
0.584292775647863  0.492102867448925 
0.593301845590229  0.492174888090448 
0.602392817291481  0.492247569380672 
0.611567193567522  0.492320922857784 
0.620826518980319  0.492394960385491 
0.630172381398557  0.492469694164622 
0.639606413631915  0.49254513674529 
0.649130295143171  0.492621301039649 
0.658745753842613  0.492698200335262 
0.668454567969574  0.492775848309134 
0.678258568066195  0.492854259042439 
0.688159639048906  0.492933447035974 
0.698159722383489  0.493013427226399 
0.708260818369993  0.493094215003289 
0.718464988544235  0.493175826227068 
0.728774358203096  0.493258277247853 
0.739191119061352  0.493341584925293 
0.74971753204834  0.493425766649432 
0.760355930253395  0.493510840362696 
0.771108722029657  0.493596824583032 
0.781978394266561  0.493683738428322 
0.792967515842156  0.493771601642103 
0.804078741267227  0.493860434620726 
0.815314814534153  0.493950258442011 
0.826678573184468  0.494041094895524 
0.838172952610203  0.49413296651457 
0.849800990605322  0.494225896610031 
0.861565832184909  0.494319909306168 
0.873470734691227  0.494415029578529 
0.885519073207401  0.494511283294112 
0.89771434630122  0.494608697253949 
0.910060182123519  0.494707299238283 
0.922560344887751  0.494807118054522 
0.935218741759674  0.494908183588201 
0.948039430188735  0.49501052685715 
0.961026625715547  0.495114180069137 
0.974184710293058  0.495219176683243 
0.987518241162523  0.495325551475267 
1.00103196032925  0.495433340607488 
1.01473080468741  0.495542581703118 
1.02861991684807  0.495653313925857 
1.04270465672981  0.495765578064953 
1.05699061397729  0.495879416626236 
1.07148362127986  0.495994873929644 
1.08618976866955  0.496111996213799 
1.10111541888623  0.496230831748251 
1.11626722390683  0.496351430954082 
1.13165214274631  0.496473846533621 
1.14727746064939  0.496598133610117 
1.16315080980568  0.496724349878299 
1.17928019173556  0.496852555766854 
1.19567400151124  0.496982814613982 
1.21234105399645  0.497115192857308 
1.22929061231023  0.497249760239583 
1.24653241874473  0.497386590031788 
1.26407672839564  0.497525759275422 
1.28193434579565  0.497667349046013 
1.30011666487884  0.497811444740097 
1.31863571264608  0.497958136388259 
1.33750419695046  0.49810751899709 
1.35673555887835  0.49825969292337 
1.37634403026672  0.498414764284157 
1.39634469697339  0.498572845407046 
1.4167535686046  0.498734055325377 
1.43758765550744  0.498898520323934 
1.45886505395473  0.499066374541413 
1.48060504059113  0.499237760636945 
1.50282817737584  0.499412830529004 
1.5255564284534  0.499591746216373 
1.54881329061767  0.499774680692375 
1.57262393931138  0.499961818965378 
1.59701539243554  0.500153359200804 
1.62201669464096  0.500349514002429 
1.6476591252543  0.500550511853922 
1.67397643357167  0.500756598745323 
1.70100510595959  0.500968040013732 
1.72878467006667  0.501185122433041 
1.75735804251072  0.501408156594346 
1.78677192771702  0.50163747962703 
1.81707727721234  0.501873458320863 
1.84832982071645  0.502116492722341 
1.88059068293467  0.50236702029456 
1.91392710320226  0.502625520750266 
1.94841327927343  0.502892521693422 
1.98413136187551  0.503168605237579 
2.02117263355586  0.503454415811715 
2.05963891438366  0.503750669419297 
2.09964424899735  0.504058164688511 
2.14131694539792  0.504377796147175 
2.18480205733766  0.50471057028362 
2.23026443141442  0.505057625127634 
2.27789248040367  0.505420254322034 
2.32790290097834  0.505799936983345 
2.38054663446376  0.506198375111211 
2.43611648561857  0.506617540964805 
2.4949569856415  0.507059737781424 
2.55747734262284  0.507527678628738 
2.62416871712151  0.508024590322516 
2.69562768110365  0.508554352651182 
2.77258872223978  0.509121688400185 
2.85597033117883  0.509732428248406 
2.94694210938456  0.510393889096226 
3.04702556794154  0.511115429797307 
3.15825120305177  0.51190929485273 
3.28341434600577  0.512791946574598 
3.42651518964645  0.513786270974751 
3.59356927430961  0.514925451674254 
3.79423996977176  0.516260300023577 
4.04555439805267  0.517874546580018 
4.38202663467388  0.519921237132883 
4.89285225843988  0.522725992178907 
