6.973803
11.417676
9.412836
4.483236
43.639673
64.710645
65.871299
27.287495
72.493171
78.28008
47.468305
82.425918
91.871028
1.103162
82.45157
43.426267
81.871431
11.858025
27.622592
12.495033
28.022739
85.887498
7.187427
24.607128
37.118962
3.574357
46.445967
89.529366
22.387619
11.118603
74.929275
44.559731
20.348146
91.173024
37.045843
26.433544
60.392581
22.155682
2.012231
39.097431
51.995593
53.706204
54.750403
22.284694
78.808637
13.643723
25.587954
47.905243
36.077866
44.84323
91.103996
87.797102
21.948281
0.427689
45.858345
77.083888
3.569929
19.947552
66.896861
5.61741
12.578568
19.600769
32.154933
89.543648
32.335791
40.197347
0.459328
34.332166
83.491995
16.274477
84.129997
81.773654
85.249554
70.111309
95.287466
90.263943
61.740591
75.343332
4.264777
31.583784
30.957696
12.101693
3.998914
28.200547
51.661163
30.868153
1.368011
58.969736
16.720746
90.337282
83.790578
76.242641
19.213596
28.247538
5.548674
95.420022
91.50081
50.396982
37.809224
44.400674
84.221268
89.574171
10.518674
22.362605
45.274867
67.954112
10.244102
57.814831
72.963255
86.548014
83.430512
50.641342
85.183809
2.651869