0.289086
0.17787
0.684167
0.183086
0.373739
0.373739
0.183242
0.176002
0.180014
0.177728
0.177119
0.184064
0.183367
1.176618
0.276977
0.18193
0.181754
0.181105
0.181157
0.179886
0.183194
0.174094
0.180848
0.274358
0.17955
0.175607
0.182003
0.174879
0.18104
0.1813
0.184785
0.28196
0.187551
0.387097
0.278101
0.182616
0.4986
0.389205
0.183366
0.182876
0.17922
0.28455
0.188449
0.889494
0.184332
0.18408
0.181927
0.1869
0.191399
0.187509
0.187692
0.180922
0.282915
0.177411
0.181533
0.183305
0.185557
0.181519
0.17924
0.184477
5.141374
0.183252
0.182286
0.183573
0.284495
0.876323
0.380275
0.283274
0.186826
0.18218
0.183716
0.184048
0.180572
0.183121
0.180649
0.184916
0.383429
0.278859
0.181808
0.182822
0.184641
0.182176
0.183433
0.177043
0.180768
0.584098
0.187436
0.180114
1.791428
0.186439
0.179898
0.185492
0.178647
0.182923
0.179566
0.181522
0.182509
0.298733
0.182657
0.179982
0.186761
0.180571
0.187015
0.181719
0.188738
0.179187
0.486707
0.488813
0.180724
0.181449
0.177275
0.181814
0.181626
0.18133
0.280665
0.279943
0.182119
0.183914
0.181423
0.187545
0.375936
0.17807
0.181464
0.771724
0.176833
0.180838
0.183845
0.179906
0.391955
0.186395
0.178707
0.189452
0.184441
0.181926
0.474811
0.179295
0.182195
0.180727
0.185743
0.185434
0.187891
0.187016
0.184043
0.288894
0.787874
0.183649
0.28727
0.278315
0.181274
0.179344
0.180814
0.383135
0.183443
0.178909
0.177427
0.178835
0.177518
0.183899
0.179684
0.179881
0.177027
0.380823
0.471152
0.276972
0.181388
0.282754
0.680042
0.177311
0.180612
0.179344
0.281566
0.179181
0.179046
0.572922
0.182612
0.175454
0.185092
0.37272
0.179888
0.179388
0.180809
0.173437
0.182984
0.185252
0.271289
0.180799
0.180605
0.274038
2.166468
0.184975
0.183529
0.180704
0.278502
0.182031
0.385418
0.182097
0.182916
0.184357
0.180794
0.179217