0.00249066131245192  0.156516427565833 
0.00749067172915763  0.157165321483925 
0.0125158079318306  0.15774850000263 
0.0175663237178992  0.158306020335198 
0.0226424767497598  0.15884952195694 
0.0277445286336553  0.159384334374719 
0.0328727450005748  0.159913431692772 
0.0380273955892393  0.160438678165778 
0.0432087543312368  0.160961336944324 
0.048417099438375  0.161482313507947 
0.0536527134923201  0.162002285493478 
0.0589158835365947  0.162521777675063 
0.0642069011710103  0.163041208001384 
0.0695260626486102  0.163560917271654 
0.0748736689752055  0.164081189039287 
0.080250026011586  0.164602263409401 
0.0856554445784939  0.165124346874385 
0.0910902405644508  0.165647619495284 
0.0965547350365295  0.166172240255515 
0.10204925435417  0.166698351125599 
0.10757413028614  0.16722608019958 
0.113129700130742  0.167755544150334 
0.118716306839382  0.16828685017684 
0.124334299143605  0.168820097566836 
0.129984031685724  0.169355378964383 
0.135665865153155  0.169892781408291 
0.141380166416594  0.17043238719062 
0.147127308672162  0.170974274572507 
0.152907671587661  0.171518518385807 
0.158721641453081  0.172065190542551 
0.164569611335504  0.172614360469463 
0.170451981238571  0.173166095481046 
0.176369158266659  0.173720461102053 
0.182321556793955  0.174277521347949 
0.188309598638577  0.174837338970343 
0.194333713241958  0.175399975673055 
0.200394337853649  0.175965492303446 
0.206491917721768  0.176533949022834 
0.212626906289284  0.177105405459147 
0.218799765396364  0.17767992084446 
0.225010965489005  0.178257554139605 
0.231260985834177  0.178838364147721 
0.23755031474174  0.179422409618306 
0.243879449793388  0.18000974934312 
0.250248898078868  0.18060044224506 
0.256659176439787  0.181194547461009 
0.263110811721276  0.181792124419482 
0.269604341031824  0.18239323291382 
0.27614031201161  0.182997933171556 
0.282719283109652  0.183606285920518 
0.289341823870145  0.184218352452155 
0.296008515228335  0.184834194682522 
0.302719949816321  0.185453875211304 
0.309476732279201  0.186077457379232 
0.316279479601954  0.186705005324183 
0.323128821447529  0.187336584036258 
0.330025400506589  0.187972259412081 
0.3369698728594  0.188612098308555 
0.343962908350371  0.189256168596281 
0.351005190975783  0.189904539212844 
0.358097419285275  0.190557280216142 
0.365240306797655  0.191214462837937 
0.372434582431683  0.191876159537786 
0.37968099095245  0.192542444057506 
0.386980293434061  0.193213391476329 
0.39433326773932  0.193889078266882 
0.401740709017182  0.194569582352136 
0.409203430218771  0.195254983163463 
0.416722262632799  0.195945361699936 
0.424298056441256  0.196640800589001 
0.431931681296328  0.197341384148663 
0.439624026919483  0.198047198451319 
0.447376003723801  0.19875833138937 
0.455188543460595  0.199474872742762 
0.463062599891501  0.200196914248582 
0.470999149487237  0.200924549672869 
0.478999192154313  0.201657874884783 
0.487063751991044  0.202396987933284 
0.495193878074294  0.203141989126489 
0.503390645278472  0.20389298111386 
0.511655155128366  0.204650068971413 
0.51998853668751  0.205413360290114 
0.52839194748389  0.206182965267658 
0.536866574474862  0.206958996803832 
0.54541363505332  0.207741570599663 
0.554034378097228  0.208530805260574 
0.562730085064781  0.20932682240378 
0.571502071137618  0.21012974677017 
0.580351686414601  0.210939706340926 
0.589280317158902  0.211756832459155 
0.598289387101268  0.212581259956827 
0.60738035880252  0.213413127287319 
0.616554735078561  0.214252576663891 
0.625814060491358  0.215099754204445 
0.635159922909596  0.215954810082931 
0.644593955142955  0.216817898687781 
0.65411783665421  0.217689178787807 
0.663733295353652  0.218568813705996 
0.673442109480613  0.219456971501667 
0.683246109577234  0.22035382516152 
0.693147180559945  0.221259552800088 
0.703147263894529  0.222174337870201 
0.713248359881032  0.223098369384055 
0.723452530055274  0.224031842145568 
0.733761899714136  0.22497495699472 
0.744178660572391  0.225927921064658 
0.754705073559379  0.226890948052363 
0.765343471764434  0.227864258503785 
0.776096263540696  0.228848080114365 
0.7869659357776  0.229842648045996 
0.797955057353195  0.230848205261496 
0.809066282778266  0.231865002877786 
0.820302356045192  0.232893300539063 
0.831666114695507  0.233933366811325 
0.843160494121242  0.234985479599771 
0.854788532116361  0.236049926590664 
0.866553373695948  0.237127005719425 
0.878458276202266  0.238217025666851 
0.890506614718441  0.239320306385503 
0.902701887812259  0.240437179658524 
0.915047723634558  0.241567989693292 
0.927547886398789  0.242713093752573 
0.940206283270713  0.243872862826039 
0.953026971699775  0.245047682345315 
0.966014167226586  0.246237952945959 
0.979172251804097  0.247444091280157 
0.992505782673562  0.248666530884214 
1.00601950184028  0.249905723105343 
1.01971834619845  0.251162138092695 
1.03360745835911  0.252436265858038 
1.04769219824085  0.253728617412036 
1.06197815548833  0.255039725982709 
1.0764711627909  0.256370148323276 
1.09117731018059  0.257720466117394 
1.10610296039727  0.259091287490599 
1.12125476541787  0.260483248637732 
1.13663968425735  0.261897015577199 
1.15226500216043  0.263333286044074 
1.16813835131672  0.264792791535477 
1.1842677332466  0.266276299523099 
1.20066154302228  0.267784615849577 
1.21732859550749  0.269318587327287 
1.23427815382127  0.270879104560447 
1.25151996025577  0.272467105013905 
1.26906426990668  0.274083576354934 
1.28692188730669  0.275729560097653 
1.30510420638988  0.277406155583554 
1.32362325415712  0.279114524335948 
1.3424917384615  0.280855894831258 
1.36172310038939  0.282631567735912 
1.38133157177776  0.284442921664343 
1.40133223848443  0.286291419521536 
1.42174111011564  0.288178615502671 
1.44257519701848  0.290106162833186 
1.46385259546577  0.292075822345123 
1.48559258210217  0.294089472000433 
1.50781571888688  0.296149117489326 
1.53054396996444  0.29825690405246 
1.5538008321287  0.30041512970027 
1.57761148082242  0.302626260032072 
1.60200293394658  0.304892944892617 
1.627004236152  0.307218037146024 
1.65264666676534  0.309604613897921 
1.67896397508271  0.312056000558537 
1.70599264747063  0.314575798214849 
1.73377221157771  0.317167914872328 
1.76234558402176  0.319836601240622 
1.79175946922806  0.322586491878569 
1.82206481872338  0.325422652689589 
1.85331736222749  0.328350635978829 
1.88557822444571  0.331376544561426 
1.9189146447133  0.334507106764602 
1.95340082078447  0.337749764618609 
1.98911890338655  0.341112778115252 
2.0261601750669  0.344605349172203 
2.06462645589469  0.348237769938467 
2.1046317905084  0.352021601398133 
2.14630448690896  0.355969889999681 
2.1897895988487  0.3600974324352 
2.23525197292546  0.36442110197876 
2.28288002191471  0.36896025435352 
2.33289044248938  0.373737237517457 
2.3855341759748  0.378778038936163 
2.44110402712961  0.384113117254677 
2.49994452715254  0.389778485039702 
2.56246488413387  0.395817139125814 
2.62915625863255  0.40228098126321 
2.70061522261469  0.409233444957953 
2.77757626375082  0.416753163798324 
2.86095787268987  0.424939217745694 
2.9519296508956  0.433918845634728 
3.05201310945258  0.443859154111015 
3.16323874456281  0.454985585228057 
3.28840188751681  0.467612414848767 
3.43150273115748  0.482196052065189 
3.59855681582065  0.499435089284014 
3.7992275112828  0.520476516666032 
4.05054193956371  0.547398952945712 
4.38701417618492  0.58458134610843 
4.89783979995091  0.644034326564006 
