0.00249066131245192 0.173437 
0.00749067172915763 0.174094 
0.0125158079318306 0.174879 
0.0175663237178992 0.175454 
0.0226424767497598 0.175607 
0.0277445286336553 0.176002 
0.0328727450005748 0.176833 
0.0380273955892393 0.177027 
0.0432087543312368 0.177043 
0.048417099438375 0.177119 
0.0536527134923201 0.177275 
0.0589158835365947 0.177311 
0.0642069011710103 0.177411 
0.0695260626486102 0.177427 
0.0748736689752055 0.177518 
0.080250026011586 0.177728 
0.0856554445784939 0.17787 
0.0910902405644508 0.17807 
0.0965547350365295 0.178647 
0.10204925435417 0.178707 
0.10757413028614 0.178835 
0.113129700130742 0.178909 
0.118716306839382 0.179046 
0.124334299143605 0.179181 
0.129984031685724 0.179187 
0.135665865153155 0.179217 
0.141380166416594 0.17922 
0.147127308672162 0.17924 
0.152907671587661 0.179295 
0.158721641453081 0.179344 
0.164569611335504 0.179344 
0.170451981238571 0.179388 
0.176369158266659 0.17955 
0.182321556793955 0.179566 
0.188309598638577 0.179684 
0.194333713241958 0.179881 
0.200394337853649 0.179886 
0.206491917721768 0.179888 
0.212626906289284 0.179898 
0.218799765396364 0.179906 
0.225010965489005 0.179982 
0.231260985834177 0.180014 
0.23755031474174 0.180114 
0.243879449793388 0.180571 
0.250248898078868 0.180572 
0.256659176439787 0.180605 
0.263110811721276 0.180612 
0.269604341031824 0.180649 
0.27614031201161 0.180704 
0.282719283109652 0.180724 
0.289341823870145 0.180727 
0.296008515228335 0.180768 
0.302719949816321 0.180794 
0.309476732279201 0.180799 
0.316279479601954 0.180809 
0.323128821447529 0.180814 
0.330025400506589 0.180838 
0.3369698728594 0.180848 
0.343962908350371 0.180922 
0.351005190975783 0.18104 
0.358097419285275 0.181105 
0.365240306797655 0.181157 
0.372434582431683 0.181274 
0.37968099095245 0.1813 
0.386980293434061 0.18133 
0.39433326773932 0.181388 
0.401740709017182 0.181423 
0.409203430218771 0.181449 
0.416722262632799 0.181464 
0.424298056441256 0.181519 
0.431931681296328 0.181522 
0.439624026919483 0.181533 
0.447376003723801 0.181626 
0.455188543460595 0.181719 
0.463062599891501 0.181754 
0.470999149487237 0.181808 
0.478999192154313 0.181814 
0.487063751991044 0.181926 
0.495193878074294 0.181927 
0.503390645278472 0.18193 
0.511655155128366 0.182003 
0.51998853668751 0.182031 
0.52839194748389 0.182097 
0.536866574474862 0.182119 
0.54541363505332 0.182176 
0.554034378097228 0.18218 
0.562730085064781 0.182195 
0.571502071137618 0.182286 
0.580351686414601 0.182509 
0.589280317158902 0.182612 
0.598289387101268 0.182616 
0.60738035880252 0.182657 
0.616554735078561 0.182822 
0.625814060491358 0.182876 
0.635159922909596 0.182916 
0.644593955142955 0.182923 
0.65411783665421 0.182984 
0.663733295353652 0.183086 
0.673442109480613 0.183121 
0.683246109577234 0.183194 
0.693147180559945 0.183242 
0.703147263894529 0.183252 
0.713248359881032 0.183305 
0.723452530055274 0.183366 
0.733761899714136 0.183367 
0.744178660572391 0.183433 
0.754705073559379 0.183443 
0.765343471764434 0.183529 
0.776096263540696 0.183573 
0.7869659357776 0.183649 
0.797955057353195 0.183716 
0.809066282778266 0.183845 
0.820302356045192 0.183899 
0.831666114695507 0.183914 
0.843160494121242 0.184043 
0.854788532116361 0.184048 
0.866553373695948 0.184064 
0.878458276202266 0.18408 
0.890506614718441 0.184332 
0.902701887812259 0.184357 
0.915047723634558 0.184441 
0.927547886398789 0.184477 
0.940206283270713 0.184641 
0.953026971699775 0.184785 
0.966014167226586 0.184916 
0.979172251804097 0.184975 
0.992505782673562 0.185092 
1.00601950184028 0.185252 
1.01971834619845 0.185434 
1.03360745835911 0.185492 
1.04769219824085 0.185557 
1.06197815548833 0.185743 
1.0764711627909 0.186395 
1.09117731018059 0.186439 
1.10610296039727 0.186761 
1.12125476541787 0.186826 
1.13663968425735 0.1869 
1.15226500216043 0.187015 
1.16813835131672 0.187016 
1.1842677332466 0.187436 
1.20066154302228 0.187509 
1.21732859550749 0.187545 
1.23427815382127 0.187551 
1.25151996025577 0.187692 
1.26906426990668 0.187891 
1.28692188730669 0.188449 
1.30510420638988 0.188738 
1.32362325415712 0.189452 
1.3424917384615 0.191399 
1.36172310038939 0.271289 
1.38133157177776 0.274038 
1.40133223848443 0.274358 
1.42174111011564 0.276972 
1.44257519701848 0.276977 
1.46385259546577 0.278101 
1.48559258210217 0.278315 
1.50781571888688 0.278502 
1.53054396996444 0.278859 
1.5538008321287 0.279943 
1.57761148082242 0.280665 
1.60200293394658 0.281566 
1.627004236152 0.28196 
1.65264666676534 0.282754 
1.67896397508271 0.282915 
1.70599264747063 0.283274 
1.73377221157771 0.284495 
1.76234558402176 0.28455 
1.79175946922806 0.28727 
1.82206481872338 0.288894 
1.85331736222749 0.289086 
1.88557822444571 0.298733 
1.9189146447133 0.37272 
1.95340082078447 0.373739 
1.98911890338655 0.373739 
2.0261601750669 0.375936 
2.06462645589469 0.380275 
2.1046317905084 0.380823 
2.14630448690896 0.383135 
2.1897895988487 0.383429 
2.23525197292546 0.385418 
2.28288002191471 0.387097 
2.33289044248938 0.389205 
2.3855341759748 0.391955 
2.44110402712961 0.471152 
2.49994452715254 0.474811 
2.56246488413387 0.486707 
2.62915625863255 0.488813 
2.70061522261469 0.4986 
2.77757626375082 0.572922 
2.86095787268987 0.584098 
2.9519296508956 0.680042 
3.05201310945258 0.684167 
3.16323874456281 0.771724 
3.28840188751681 0.787874 
3.43150273115748 0.876323 
3.59855681582065 0.889494 
3.7992275112828 1.176618 
4.05054193956371 1.791428 
4.38701417618492 2.166468 
4.89783979995091 5.141374 
