98.097906
97.947048
97.81043
97.697326
97.531685
97.166898
96.331599
96.246844
96.217191
95.299083
94.988962
94.75504
93.073304
92.801135
92.30938
92.255571
91.844598
91.759956
91.365697
90.947336
89.025361
88.920079
87.873743
87.446946
86.737238
86.636193
86.566197
85.91444
84.942556
83.829237
82.573645
81.279097
80.067942
79.476425
79.090218
79.016648
78.244163
76.565211
74.491535
74.25989
73.473601
73.462836
73.326854
72.649245
71.092233
69.969929
69.247507
66.397909
66.057462
65.23341
65.084557
64.087892
63.249002
63.146362
62.02577
61.342663
60.418511
60.32507
58.746252
58.608393
58.562065
57.173773
56.989731
56.975011
54.326881
53.07705
50.975674
50.534512
47.453309
46.841884
46.467352
46.183432
45.889974
45.366873
45.356293
43.165687
42.234535
41.310591
40.797466
40.684047
40.598728
40.140308
39.175305
38.990537
38.347262
36.256807
36.010316
35.778552
33.932264
30.358026
28.695755
27.962613
27.880671
27.738334
27.681518
27.538799
26.372382
23.182981
23.128012
21.727173
20.498354
20.488623
19.410027
19.119122
18.541274
18.055686
17.063478
16.980672
15.534408
15.397179
15.209352
13.306548
13.149178
9.919414
9.639045
9.606265
9.295316
9.011553
8.751086
8.602636
8.485106
8.469356
7.499943
6.503493
6.407351
5.715686
4.841424
4.724718
4.338938
4.161543
2.304792
1.568046
1.545022
1.541881