0.173437 0.00248756218905473 
0.174094 0.00746268656716418 
0.174879 0.0124378109452736 
0.175454 0.0174129353233831 
0.175607 0.0223880597014925 
0.176002 0.027363184079602 
0.176833 0.0323383084577114 
0.177027 0.0373134328358209 
0.177043 0.0422885572139304 
0.177119 0.0472636815920398 
0.177275 0.0522388059701493 
0.177311 0.0572139303482587 
0.177411 0.0621890547263682 
0.177427 0.0671641791044776 
0.177518 0.0721393034825871 
0.177728 0.0771144278606965 
0.17787 0.082089552238806 
0.17807 0.0870646766169154 
0.178647 0.0920398009950249 
0.178707 0.0970149253731343 
0.178835 0.101990049751244 
0.178909 0.106965174129353 
0.179046 0.111940298507463 
0.179181 0.116915422885572 
0.179187 0.121890547263682 
0.179217 0.126865671641791 
0.17922 0.131840796019901 
0.17924 0.13681592039801 
0.179295 0.141791044776119 
0.179344 0.146766169154229 
0.179344 0.151741293532338 
0.179388 0.156716417910448 
0.17955 0.161691542288557 
0.179566 0.166666666666667 
0.179684 0.171641791044776 
0.179881 0.176616915422886 
0.179886 0.181592039800995 
0.179888 0.186567164179104 
0.179898 0.191542288557214 
0.179906 0.196517412935323 
0.179982 0.201492537313433 
0.180014 0.206467661691542 
0.180114 0.211442786069652 
0.180571 0.216417910447761 
0.180572 0.221393034825871 
0.180605 0.22636815920398 
0.180612 0.23134328358209 
0.180649 0.236318407960199 
0.180704 0.241293532338308 
0.180724 0.246268656716418 
0.180727 0.251243781094527 
0.180768 0.256218905472637 
0.180794 0.261194029850746 
0.180799 0.266169154228856 
0.180809 0.271144278606965 
0.180814 0.276119402985075 
0.180838 0.281094527363184 
0.180848 0.286069651741294 
0.180922 0.291044776119403 
0.18104 0.296019900497512 
0.181105 0.300995024875622 
0.181157 0.305970149253731 
0.181274 0.310945273631841 
0.1813 0.31592039800995 
0.18133 0.32089552238806 
0.181388 0.325870646766169 
0.181423 0.330845771144279 
0.181449 0.335820895522388 
0.181464 0.340796019900498 
0.181519 0.345771144278607 
0.181522 0.350746268656716 
0.181533 0.355721393034826 
0.181626 0.360696517412935 
0.181719 0.365671641791045 
0.181754 0.370646766169154 
0.181808 0.375621890547264 
0.181814 0.380597014925373 
0.181926 0.385572139303483 
0.181927 0.390547263681592 
0.18193 0.395522388059701 
0.182003 0.400497512437811 
0.182031 0.40547263681592 
0.182097 0.41044776119403 
0.182119 0.415422885572139 
0.182176 0.420398009950249 
0.18218 0.425373134328358 
0.182195 0.430348258706468 
0.182286 0.435323383084577 
0.182509 0.440298507462687 
0.182612 0.445273631840796 
0.182616 0.450248756218905 
0.182657 0.455223880597015 
0.182822 0.460199004975124 
0.182876 0.465174129353234 
0.182916 0.470149253731343 
0.182923 0.475124378109453 
0.182984 0.480099502487562 
0.183086 0.485074626865672 
0.183121 0.490049751243781 
0.183194 0.495024875621891 
0.183242 0.5 
0.183252 0.504975124378109 
0.183305 0.509950248756219 
0.183366 0.514925373134328 
0.183367 0.519900497512438 
0.183433 0.524875621890547 
0.183443 0.529850746268657 
0.183529 0.534825870646766 
0.183573 0.539800995024876 
0.183649 0.544776119402985 
0.183716 0.549751243781095 
0.183845 0.554726368159204 
0.183899 0.559701492537313 
0.183914 0.564676616915423 
0.184043 0.569651741293532 
0.184048 0.574626865671642 
0.184064 0.579601990049751 
0.18408 0.584577114427861 
0.184332 0.58955223880597 
0.184357 0.59452736318408 
0.184441 0.599502487562189 
0.184477 0.604477611940298 
0.184641 0.609452736318408 
0.184785 0.614427860696517 
0.184916 0.619402985074627 
0.184975 0.624378109452736 
0.185092 0.629353233830846 
0.185252 0.634328358208955 
0.185434 0.639303482587065 
0.185492 0.644278606965174 
0.185557 0.649253731343284 
0.185743 0.654228855721393 
0.186395 0.659203980099503 
0.186439 0.664179104477612 
0.186761 0.669154228855721 
0.186826 0.674129353233831 
0.1869 0.67910447761194 
0.187015 0.68407960199005 
0.187016 0.689054726368159 
0.187436 0.694029850746269 
0.187509 0.699004975124378 
0.187545 0.703980099502488 
0.187551 0.708955223880597 
0.187692 0.713930348258706 
0.187891 0.718905472636816 
0.188449 0.723880597014925 
0.188738 0.728855721393035 
0.189452 0.733830845771144 
0.191399 0.738805970149254 
0.271289 0.743781094527363 
0.274038 0.748756218905473 
0.274358 0.753731343283582 
0.276972 0.758706467661692 
0.276977 0.763681592039801 
0.278101 0.76865671641791 
0.278315 0.77363184079602 
0.278502 0.778606965174129 
0.278859 0.783582089552239 
0.279943 0.788557213930348 
0.280665 0.793532338308458 
0.281566 0.798507462686567 
0.28196 0.803482587064677 
0.282754 0.808457711442786 
0.282915 0.813432835820896 
0.283274 0.818407960199005 
0.284495 0.823383084577114 
0.28455 0.828358208955224 
0.28727 0.833333333333333 
0.288894 0.838308457711443 
0.289086 0.843283582089552 
0.298733 0.848258706467662 
0.37272 0.853233830845771 
0.373739 0.858208955223881 
0.373739 0.86318407960199 
0.375936 0.868159203980099 
0.380275 0.873134328358209 
0.380823 0.878109452736318 
0.383135 0.883084577114428 
0.383429 0.888059701492537 
0.385418 0.893034825870647 
0.387097 0.898009950248756 
0.389205 0.902985074626866 
0.391955 0.907960199004975 
0.471152 0.912935323383085 
0.474811 0.917910447761194 
0.486707 0.922885572139303 
0.488813 0.927860696517413 
0.4986 0.932835820895522 
0.572922 0.937810945273632 
0.584098 0.942786069651741 
0.680042 0.947761194029851 
0.684167 0.95273631840796 
0.771724 0.95771144278607 
0.787874 0.962686567164179 
0.876323 0.967661691542289 
0.889494 0.972636815920398 
1.176618 0.977611940298508 
1.791428 0.982587064676617 
2.166468 0.987562189054726 
5.141374 0.992537313432836 
