1.541881	0.0025
1.545022	0.0075
1.568046	0.0125
2.304792	0.0175
4.161543	0.0225
4.338938	0.0275
4.724718	0.0325
4.841424	0.0375
5.715686	0.0425
6.407351	0.0475
6.503493	0.0525
7.499943	0.0575
8.469356	0.0625
8.485106	0.0675
8.602636	0.0725
8.751086	0.0775
9.011553	0.0825
9.295316	0.0875
9.606265	0.0925
9.639045	0.0975
9.919414	0.1025
13.149178	0.1075
13.306548	0.1125
15.209352	0.1175
15.397179	0.1225
15.534408	0.1275
16.980672	0.1325
17.063478	0.1375
18.055686	0.1425
18.541274	0.1475
19.119122	0.1525
19.410027	0.1575
20.488623	0.1625
20.498354	0.1675
21.727173	0.1725
23.128012	0.1775
23.182981	0.1825
26.372382	0.1875
27.538799	0.1925
27.681518	0.1975
27.738334	0.2025
27.880671	0.2075
27.962613	0.2125
28.695755	0.2175
30.358026	0.2225
33.932264	0.2275
35.778552	0.2325
36.010316	0.2375
36.256807	0.2425
38.347262	0.2475
38.990537	0.2525
39.175305	0.2575
40.140308	0.2625
40.598728	0.2675
40.684047	0.2725
40.797466	0.2775
41.310591	0.2825
42.234535	0.2875
43.165687	0.2925
45.356293	0.2975
45.366873	0.3025
45.889974	0.3075
46.183432	0.3125
46.467352	0.3175
46.841884	0.3225
47.453309	0.3275
50.534512	0.3325
50.975674	0.3375
53.07705	0.3425
54.326881	0.3475
56.975011	0.3525
56.989731	0.3575
57.173773	0.3625
58.562065	0.3675
58.608393	0.3725
58.746252	0.3775
60.32507	0.3825
60.418511	0.3875
61.342663	0.3925
62.02577	0.3975
63.146362	0.4025
63.249002	0.4075
64.087892	0.4125
65.084557	0.4175
65.23341	0.4225
66.057462	0.4275
66.397909	0.4325
69.247507	0.4375
69.969929	0.4425
71.092233	0.4475
72.649245	0.4525
73.326854	0.4575
73.462836	0.4625
73.473601	0.4675
74.25989	0.4725
74.491535	0.4775
76.565211	0.4825
78.244163	0.4875
79.016648	0.4925
79.090218	0.4975
79.476425	0.5025
80.067942	0.5075
81.279097	0.5125
82.573645	0.5175
83.829237	0.5225
84.942556	0.5275
85.91444	0.5325
86.566197	0.5375
86.636193	0.5425
86.737238	0.5475
87.446946	0.5525
87.873743	0.5575
88.920079	0.5625
89.025361	0.5675
90.947336	0.5725
91.365697	0.5775
91.759956	0.5825
91.844598	0.5875
92.255571	0.5925
92.30938	0.5975
92.801135	0.6025
93.073304	0.6075
94.75504	0.6125
94.988962	0.6175
95.299083	0.6225
96.217191	0.6275
96.246844	0.6325
96.331599	0.6375
97.166898	0.6425
97.531685	0.6475
97.697326	0.6525
97.81043	0.6575
97.947048	0.6625
98.097906	0.6675
