0.173437	0.0025
0.174094	0.0075
0.174879	0.0125
0.175454	0.0175
0.175607	0.0225
0.176002	0.0275
0.176833	0.0325
0.177027	0.0375
0.177043	0.0425
0.177119	0.0475
0.177275	0.0525
0.177311	0.0575
0.177411	0.0625
0.177427	0.0675
0.177518	0.0725
0.177728	0.0775
0.17787	0.0825
0.17807	0.0875
0.178647	0.0925
0.178707	0.0975
0.178835	0.1025
0.178909	0.1075
0.179046	0.1125
0.179181	0.1175
0.179187	0.1225
0.179217	0.1275
0.17922	0.1325
0.17924	0.1375
0.179295	0.1425
0.179344	0.1475
0.179344	0.1525
0.179388	0.1575
0.17955	0.1625
0.179566	0.1675
0.179684	0.1725
0.179881	0.1775
0.179886	0.1825
0.179888	0.1875
0.179898	0.1925
0.179906	0.1975
0.179982	0.2025
0.180014	0.2075
0.180114	0.2125
0.180571	0.2175
0.180572	0.2225
0.180605	0.2275
0.180612	0.2325
0.180649	0.2375
0.180704	0.2425
0.180724	0.2475
0.180727	0.2525
0.180768	0.2575
0.180794	0.2625
0.180799	0.2675
0.180809	0.2725
0.180814	0.2775
0.180838	0.2825
0.180848	0.2875
0.180922	0.2925
0.18104	0.2975
0.181105	0.3025
0.181157	0.3075
0.181274	0.3125
0.1813	0.3175
0.18133	0.3225
0.181388	0.3275
0.181423	0.3325
0.181449	0.3375
0.181464	0.3425
0.181519	0.3475
0.181522	0.3525
0.181533	0.3575
0.181626	0.3625
0.181719	0.3675
0.181754	0.3725
0.181808	0.3775
0.181814	0.3825
0.181926	0.3875
0.181927	0.3925
0.18193	0.3975
0.182003	0.4025
0.182031	0.4075
0.182097	0.4125
0.182119	0.4175
0.182176	0.4225
0.18218	0.4275
0.182195	0.4325
0.182286	0.4375
0.182509	0.4425
0.182612	0.4475
0.182616	0.4525
0.182657	0.4575
0.182822	0.4625
0.182876	0.4675
0.182916	0.4725
0.182923	0.4775
0.182984	0.4825
0.183086	0.4875
0.183121	0.4925
0.183194	0.4975
0.183242	0.5025
0.183252	0.5075
0.183305	0.5125
0.183366	0.5175
0.183367	0.5225
0.183433	0.5275
0.183443	0.5325
0.183529	0.5375
0.183573	0.5425
0.183649	0.5475
0.183716	0.5525
0.183845	0.5575
0.183899	0.5625
0.183914	0.5675
0.184043	0.5725
0.184048	0.5775
0.184064	0.5825
0.18408	0.5875
0.184332	0.5925
0.184357	0.5975
0.184441	0.6025
0.184477	0.6075
0.184641	0.6125
0.184785	0.6175
0.184916	0.6225
0.184975	0.6275
0.185092	0.6325
0.185252	0.6375
0.185434	0.6425
0.185492	0.6475
0.185557	0.6525
0.185743	0.6575
0.186395	0.6625
0.186439	0.6675
0.186761	0.6725
0.186826	0.6775
0.1869	0.6825
0.187015	0.6875
0.187016	0.6925
0.187436	0.6975
0.187509	0.7025
0.187545	0.7075
0.187551	0.7125
0.187692	0.7175
0.187891	0.7225
0.188449	0.7275
0.188738	0.7325
0.189452	0.7375
0.191399	0.7425
0.271289	0.7475
0.274038	0.7525
0.274358	0.7575
0.276972	0.7625
0.276977	0.7675
0.278101	0.7725
0.278315	0.7775
0.278502	0.7825
0.278859	0.7875
0.279943	0.7925
0.280665	0.7975
0.281566	0.8025
0.28196	0.8075
0.282754	0.8125
0.282915	0.8175
0.283274	0.8225
0.284495	0.8275
0.28455	0.8325
0.28727	0.8375
0.288894	0.8425
0.289086	0.8475
0.298733	0.8525
0.37272	0.8575
0.373739	0.8625
0.373739	0.8675
0.375936	0.8725
0.380275	0.8775
0.380823	0.8825
0.383135	0.8875
0.383429	0.8925
0.385418	0.8975
0.387097	0.9025
0.389205	0.9075
0.391955	0.9125
0.471152	0.9175
0.474811	0.9225
0.486707	0.9275
0.488813	0.9325
0.4986	0.9375
0.572922	0.9425
0.584098	0.9475
0.680042	0.9525
0.684167	0.9575
0.771724	0.9625
0.787874	0.9675
0.876323	0.9725
0.889494	0.9775
1.176618	0.9825
1.791428	0.9875
2.166468	0.9925
5.141374	0.9975
