3.013685
3.920486
0.430313
19.10171
17.515275
10.423336
4.122815
2.574
6.689883
0.655613
1.296823
3.686185
0.429679
1.301659
18.432516
10.560156
1.294223
0.680224
1.734838
1.083833
6.300812
0.440463
1.294477
1.732149
14.778694
1.955411
14.785879
1.726292
1.535675
4.363698
7.78379
0.87443
1.96414
6.062623
4.971123
7.584973
4.972131
4.519153
1.94389
2.368614
3.461359
0.869661
13.187619
5.573514
0.848358
3.696994
0.878206
8.503409
7.54803
0.445835
2.20902
7.155535
1.075468
0.429425
4.560274
2.813717
6.76043
2.388884
1.300108
8.85031
4.085037
7.161852
12.980968
2.599913
2.815868
9.287581
2.832144
1.965481
2.199871
1.086832
4.962335
0.646176
1.532225
1.74498
3.015265
2.385966
1.282882
5.897475
14.270096
3.674793
0.647991
3.688224
0.865282
3.453126
4.127865
10.407343
8.679391
1.085481
2.620581
1.319398
0.647924
2.620687
0.627649
0.880074
5.666584
0.885685
1.50116
7.619152
3.681681
2.637047
10.431977
7.553755
4.570489
1.31139
0.649071
3.493184
0.43085
2.356229
1.293637
9.121874
6.704282
1.731881
1.281874
8.039912
7.375261
12.633215
2.598884
1.291305
1.073084
1.508693
0.422941
4.524413
12.614842
0.431531
6.32221
5.663432
7.413656
7.769585
1.934416
6.050566
9.28977
4.752933
1.72784
1.110378
19.85795
2.391505
11.054876
1.961831
5.191871
1.546412
3.476918
1.304574
0.649267
3.275096
3.481857
3.24496
1.717062
6.737111
10.489477
1.950114
4.749384
1.311825
5.619138
3.462161
3.03347
1.734162
7.159412
1.724777
2.573895
4.997879
5.668535
1.304095
0.636132
12.381654
0.64624
1.305323
3.249857
6.911984
1.967231
19.323939
8.24055
4.773126
0.431038
24.728607
5.225698
2.384759
3.858063
0.877748
1.73493
4.569617
1.717154
13.903252
7.81216
1.073772
0.658138
7.765439
12.5695
1.323284
3.505425
7.416506
1.730229
2.394161
3.876713
8.49347
1.943708
1.091657
7.150712
0.42857
1.068631
2.167825
