0.00249066131245192  -0.0878555594264235 
0.00749067172915763  -0.0503528553537606 
0.0125158079318306  -0.0166481606436014 
0.0175663237178992  0.0155736239406644 
0.0226424767497598  0.046985199723553 
0.0277445286336553  0.0778945845693255 
0.0328727450005748  0.10847366628261 
0.0380273955892393  0.138830189118076 
0.0432087543312368  0.169037156630493 
0.048417099438375  0.199146900842366 
0.0536527134923201  0.229198585649014 
0.0589158835365947  0.259222540275274 
0.0642069011710103  0.289242919988003 
0.0695260626486102  0.319279421214689 
0.0748736689752055  0.349348431872566 
0.080250026011586  0.379463828792455 
0.0856554445784939  0.409637546163837 
0.0910902405644508  0.439879990581606 
0.0965547350365295  0.470200350462885 
0.10204925435417  0.500606830967769 
0.10757413028614  0.531106835267788 
0.113129700130742  0.561707106450281 
0.118716306839382  0.592413840060448 
0.124334299143605  0.623232774414678 
0.129984031685724  0.654169263859466 
0.135665865153155  0.685228338786661 
0.141380166416594  0.716414755250664 
0.147127308672162  0.747733036339531 
0.152907671587661  0.779187506946329 
0.158721641453081  0.810782323213785 
0.164569611335504  0.842521497646412 
0.170451981238571  0.874408920673564 
0.176369158266659  0.906448379286201 
0.182321556793955  0.93864357324628 
0.188309598638577  0.970998129271485 
0.194333713241958  1.00351561352267 
0.200394337853649  1.03619954266183 
0.206491917721768  1.06905339370115 
0.212626906289284  1.10208061282581 
0.218799765396364  1.13528462334261 
0.225010965489005  1.16866883288192 
0.231260985834177  1.20223663996026 
0.23755031474174  1.23599143999409 
0.243879449793388  1.26993663084222 
0.250248898078868  1.30407561794267 
0.256659176439787  1.3384118191006 
0.263110811721276  1.37294866897609 
0.269604341031824  1.40768962331424 
0.27614031201161  1.44263816295418 
0.282719283109652  1.4777977976495 
0.289341823870145  1.51317206972818 
0.296008515228335  1.54876455761715 
0.302719949816321  1.58457887925369 
0.309476732279201  1.62061869540357 
0.316279479601954  1.65688771290356 
0.323128821447529  1.69338968784453 
0.330025400506589  1.73012842870975 
0.3369698728594  1.76710779948151 
0.343962908350371  1.80433172272869 
0.351005190975783  1.84180418268622 
0.358097419285275  1.87952922833741 
0.365240306797655  1.91751097650877 
0.372434582431683  1.95575361498699 
0.37968099095245  1.99426140566678 
0.386980293434061  2.03303868773848 
0.39433326773932  2.07208988092339 
0.401740709017182  2.11141948876525 
0.409203430218771  2.15103210198557 
0.416722262632799  2.19093240191074 
0.424298056441256  2.23112516397874 
0.431931681296328  2.2716152613331 
0.439624026919483  2.31240766851208 
0.447376003723801  2.35350746524081 
0.455188543460595  2.39491984033459 
0.463062599891501  2.43665009572144 
0.470999149487237  2.47870365059228 
0.478999192154313  2.52108604568749 
0.487063751991044  2.56380294772863 
0.495193878074294  2.60686015400468 
0.503390645278472  2.65026359712241 
0.511655155128366  2.69401934993069 
0.51998853668751  2.73813363062953 
0.52839194748389  2.7826128080744 
0.536866574474862  2.8274634072876 
0.54541363505332  2.87269211518855 
0.554034378097228  2.91830578655577 
0.562730085064781  2.96431145023378 
0.571502071137618  3.01071631559918 
0.580351686414601  3.05752777930071 
0.589280317158902  3.10475343228898 
0.598289387101268  3.15240106715278 
0.60738035880252  3.20047868577941 
0.616554735078561  3.248994507358 
0.625814060491358  3.29795697674572 
0.635159922909596  3.34737477321814 
0.644593955142955  3.39725681962622 
0.65411783665421  3.44761229198416 
0.663733295353652  3.49845062951371 
0.673442109480613  3.54978154517226 
0.683246109577234  3.60161503669404 
0.693147180559945  3.65396139817569 
0.703147263894529  3.70683123223954 
0.713248359881032  3.76023546281056 
0.723452530055274  3.81418534854513 
0.733761899714136  3.86869249695286 
0.744178660572391  3.92376887925565 
0.754705073559379  3.97942684603108 
0.765343471764434  4.03567914369145 
0.776096263540696  4.0925389318528 
0.7869659357776  4.15001980165328 
0.797955057353195  4.20813579508396 
0.809066282778266  4.26690142540099 
0.820302356045192  4.32633169869262 
0.831666114695507  4.38644213668119 
0.843160494121242  4.44724880084626 
0.854788532116361  4.50876831796226 
0.866553373695948  4.57101790715181 
0.878458276202266  4.63401540856442 
0.890506614718441  4.69777931379931 
0.902701887812259  4.76232879820188 
0.915047723634558  4.82768375517396 
0.927547886398789  4.89386483265102 
0.940206283270713  4.96089347191269 
0.953026971699775  5.02879194890836 
0.966014167226586  5.0975834182962 
0.979172251804097  5.16729196041229 
0.992505782673562  5.23794263140714 
1.00601950184028  5.30956151680959 
1.01971834619845  5.38217578880296 
1.03360745835911  5.45581376752671 
1.04769219824085  5.53050498674786 
1.06197815548833  5.60628026428119 
1.0764711627909  5.68317177757616 
1.09117731018059  5.76121314493218 
1.10610296039727  5.84043951285218 
1.12125476541787  5.92088765009954 
1.13663968425735  6.00259604908478 
1.15226500216043  6.08560503527773 
1.16813835131672  6.16995688541907 
1.1842677332466  6.25569595539354 
1.20066154302228  6.34286881872725 
1.21732859550749  6.43152441678503 
1.23427815382127  6.52171422187307 
1.25151996025577  6.61349241459903 
1.26906426990668  6.70691607701033 
1.28692188730669  6.80204540322314 
1.30510420638988  6.89894392947568 
1.32362325415712  6.99767878579306 
1.3424917384615  7.09832097174324 
1.36172310038939  7.20094565910188 
1.38133157177776  7.30563252463548 
1.40133223848443  7.41246611666722 
1.42174111011564  7.52153625962032 
1.44257519701848  7.63293850135338 
1.46385259546577  7.74677460882894 
1.48559258210217  7.86315311851078 
1.50781571888688  7.98218994889398 
1.53054396996444  8.10400908376587 
1.5538008321287  8.22874333621492 
1.57761148082242  8.35653520509778 
1.60200293394658  8.48753783770227 
1.627004236152  8.62191611478278 
1.65264666676534  8.75984787709046 
1.67896397508271  8.90152531609486 
1.70599264747063  9.0471565559524 
1.73377221157771  9.1969674591169 
1.76234558402176  9.35120369456696 
1.79175946922806  9.51013311577411 
1.82206481872338  9.67404850569027 
1.85331736222749  9.84327075876519 
1.88557822444571  10.0181525860719 
1.9189146447133  10.1990828500388 
1.95340082078447  10.3864916614287 
1.98911890338655  10.5808564049417 
2.0261601750669  10.7827089037089 
2.06462645589469  10.9926439905799 
2.1046317905084  11.2113298304935 
2.14630448690896  11.4395204405286 
2.1897895988487  11.6780709927697 
2.23525197292546  11.9279566749734 
2.28288002191471  12.1902961475824 
2.33289044248938  12.466381006698 
2.3855341759748  12.7577131930911 
2.44110402712961  13.0660530585227 
2.49994452715254  13.3934819426298 
2.56246488413387  13.7424848395204 
2.62915625863255  14.1160614012551 
2.70061522261469  14.5178777555935 
2.77757626375082  14.9524785162379 
2.86095787268987  15.4255899912444 
2.9519296508956  15.9445659255475 
3.05201310945258  16.5190642168454 
3.16323874456281  17.162114246956 
3.28840188751681  17.8918795312942 
3.43150273115748  18.734738148985 
3.59855681582065  19.7310651190647 
3.7992275112828  20.9471505258984 
4.05054193956371  22.5031277550911 
4.38701417618492  24.652077296175 
4.89783979995091  28.088151313976 
