0.00266311741948366  0.439615399824959 
0.00801072374607897  0.439660071412941 
0.0133870807824594  0.439704983171904 
0.0187924993493673  0.439750137698311 
0.0242272953353242  0.439795537630958 
0.029691789807403  0.439841185651899 
0.0351863091250437  0.439887084487401 
0.0407111850570136  0.439933236908917 
0.0462667549016157  0.439979645734089 
0.0518533616102554  0.440026313827785 
0.0574713539144787  0.440073244103159 
0.0631210864565978  0.440120439522738 
0.0688029199240286  0.440167903099549 
0.0745172211874673  0.440215637898271 
0.0802643634430353  0.440263647036422 
0.0860447263585347  0.440311933685583 
0.0918586962239546  0.440360501072654 
0.0977066661063777  0.440409352481146 
0.103589036009444  0.440458491252517 
0.109506213037533  0.440507920787541 
0.115458611564828  0.440557644547719 
0.121446653409451  0.440607666056739 
0.127470768012832  0.440657988901967 
0.133531392624523  0.440708616735998 
0.139628972492641  0.440759553278241 
0.145763961060157  0.440810802316562 
0.151936820167238  0.440862367708975 
0.158148020259879  0.440914253385381 
0.16439804060505  0.440966463349369 
0.170687369512614  0.441019001680069 
0.177016504564261  0.441071872534062 
0.183385952849741  0.441125080147357 
0.18979623121066  0.441178628837425 
0.196247866492149  0.441232523005301 
0.202741395802697  0.441286767137758 
0.209277366782483  0.441341365809544 
0.215856337880525  0.441396323685701 
0.222478878641019  0.441451645523955 
0.229145569999208  0.441507336177186 
0.235857004587195  0.441563400595988 
0.242613787050075  0.441619843831302 
0.249416534372827  0.441676671037156 
0.256265876218402  0.441733887473479 
0.263162455277462  0.441791498509033 
0.270106927630273  0.441849509624427 
0.277099963121244  0.441907926415252 
0.284142245746657  0.441966754595315 
0.291234474056149  0.442026 
0.298377361568529  0.442085668589732 
0.305571637202556  0.442145766453584 
0.312818045723323  0.442206299813 
0.320117348204935  0.442267275025665 
0.327470322510194  0.442328698589507 
0.334877763788055  0.442390577146856 
0.342340484989645  0.442452917488755 
0.349859317403672  0.442515726559428 
0.35743511121213  0.442579011460929 
0.365068736067201  0.442642779457955 
0.372761081690357  0.442707037982855 
0.380513058494675  0.442771794640824 
0.388325598231468  0.44283705721531 
0.396199654662374  0.442902833673624 
0.404136204258111  0.442969132172781 
0.412136246925187  0.443035961065567 
0.420200806761917  0.443103328906854 
0.428330932845167  0.443171244460178 
0.436527700049346  0.443239716704574 
0.44479220989924  0.443308754841702 
0.453125591458384  0.443378368303271 
0.461529002254763  0.443448566758768 
0.470003629245736  0.443519360123522 
0.478550689824194  0.443590758567105 
0.487171432868101  0.443662772522104 
0.495867139835655  0.443735412693264 
0.504639125908492  0.443808690067045 
0.513488741185474  0.443882615921587 
0.522417371929776  0.443957201837133 
0.531426441872142  0.444032459706913 
0.540517413573394  0.444108401748527 
0.549691789849435  0.444185040515848 
0.558951115262232  0.444262388911479 
0.568296977680469  0.444340460199787 
0.577731009913828  0.444419268020556 
0.587254891425084  0.444498826403293 
0.596870350124525  0.444579149782211 
0.606579164251486  0.444660253011951 
0.616383164348107  0.444742151384071 
0.626284235330819  0.444824860644347 
0.636284318665402  0.444908397010941 
0.646385414651906  0.444992777193497 
0.656589584826148  0.44507801841319 
0.666898954485009  0.44516413842383 
0.677315715343265  0.445251155534056 
0.687842128330252  0.44533908863069 
0.698480526535308  0.445427957203351 
0.70923331831157  0.445517781370379 
0.720102990548474  0.445608581906171 
0.731092112124069  0.445700380270023 
0.742203337549139  0.445793198636568 
0.753439410816065  0.44588705992793 
0.76480316946638  0.445981987847703 
0.776297548892116  0.446078006916881 
0.787925586887235  0.446175142511879 
0.799690428466821  0.446273420904792 
0.811595330973139  0.446372869306048 
0.823643669489314  0.446473515909628 
0.835838942583132  0.446575389941054 
0.848184778405431  0.446678521708327 
0.860684941169663  0.446782942656056 
0.873343338041587  0.446888685423012 
0.886164026470648  0.446995783903373 
0.899151221997459  0.447104273311937 
0.91230930657497  0.447214190253644 
0.925642837444435  0.447325572797714 
0.939156556611158  0.447438460556806 
0.95285540096932  0.447552894771596 
0.966744513129987  0.447668918401231 
0.980829253011726  0.44778657622015 
0.995115210259203  0.447905914921824 
1.00960821756177  0.448026983230015 
1.02431436495146  0.448149832018214 
1.03924001516814  0.448274514437995 
1.05439182018874  0.448401086057093 
1.06977673902822  0.448529605008106 
1.0854020569313  0.448660132148815 
1.10127540608759  0.448792731235227 
1.11740478801748  0.448927469108579 
1.13379859779315  0.449064415897669 
1.15046565027837  0.449203645238053 
1.16741520859214  0.449345234509817 
1.18465701502664  0.449489265095851 
1.20220132467755  0.449635822662785 
1.22005894207756  0.449784997467007 
1.23824126116075  0.449936884688508 
1.25676030892799  0.450091584795649 
1.27562879323237  0.45024920394433 
1.29486015516026  0.450409854415569 
1.31446862654864  0.450573655095969 
1.3344692932553  0.450740732006255 
1.35487816488651  0.450911218883747 
1.37571225178935  0.451085257825519 
1.39698965023664  0.451263 
1.41872963687304  0.451444606435933 
1.44095277365775  0.451630248899023 
1.46368102473531  0.451820110868223 
1.48693788689958  0.452014388625578 
1.5107485355933  0.452213292475835 
1.53513998871746  0.452417048114842 
1.56014129092287  0.452625898169036 
1.58578372153621  0.452840103932371 
1.61210102985358  0.453059947331854 
1.6391297022415  0.453285733158795 
1.66690926634858  0.453517791610054 
1.69548263879264  0.453756481192478 
1.72489652399893  0.454002192054614 
1.75520187349426  0.454255349823457 
1.78645441699836  0.454516420040957 
1.81871527921658  0.454785913316439 
1.85205169948418  0.455064391338197 
1.88653787555534  0.455352473922147 
1.92225595815742  0.455650847319896 
1.95929722983777  0.455960274066324 
1.99776351066557  0.456281604722205 
2.03776884527927  0.456615791967073 
2.07944154167984  0.456963907630417 
2.12292665361957  0.457327163428482 
2.16838902769633  0.457706936418374 
2.21601707668559  0.458104800518847 
2.26602749726025  0.458522565920085 
2.31867123074567  0.458962328877274 
2.37424108190048  0.459426535354598 
2.43308158192341  0.459918063416523 
2.49560193890475  0.460440331410268 
2.56229331340342  0.460997442278491 
2.63375227738557  0.461594379525109 
2.71071331852169  0.462237278742122 
2.79409492746074  0.462933812602746 
2.88506670566647  0.463693751451225 
2.98515016422346  0.464529805332415 
3.09637579933368  0.465458936132473 
3.22153894228768  0.46650449483875 
3.36463978592836  0.467699897330352 
3.53169387059152  0.469095394826791 
3.73236456605368  0.470771710935377 
3.98367899433458  0.472871082861493 
4.32015123095579  0.475681826249017 
4.83097685472179  0.479949042345645 
