0.44708
0.446009
0.449493
0.449794
0.45602
0.460344
0.442689
0.439598
0.445098
0.443861
0.442029
0.44482
0.444948
0.445787
0.43593
0.454327
0.44477
0.438663
0.449372
0.44678
0.440839
0.446394
0.448201
0.450798
0.453164
0.441197
0.462938
0.444049
0.45769
0.44945
0.445765
0.44333
0.443133
0.440244
0.443607
0.448918
0.442906
0.451263
0.443152
0.45169
0.458581
0.447423
0.434378
0.443483
0.43009
0.438495
0.449615
0.451123
0.432992
0.45285
0.440562
0.440761
0.44375
0.444035
0.459888
0.438819
0.434611
0.440818
0.45471
0.45425
0.441353
0.444072
0.447681
0.449608
0.435154
0.443448
0.43558
0.44559
0.440038
0.442096
0.451078
0.45294
0.440652
0.44982
0.443438
0.45089
0.438704
0.455392
0.445916
0.459904
0.446041
0.450046
0.44397
0.439316
0.455484
0.453356
0.441704
0.458144
0.457645
0.453637
0.442921
0.438387
0.445217
0.443174
0.447427
0.441861
0.449781
0.451415
0.444133
0.440144
0.444251
0.452443
0.450128
0.442986
0.459078
0.437411
0.441049
0.449754
0.448158
0.442419
0.457798
0.447422
0.447939
0.446702
0.45526
0.456039
0.447001
0.439258
0.452067
0.447745
0.449735
0.445429
0.440221
0.443479
0.449999
0.448878
0.451486
0.457449
0.464772
0.451011
0.453565
0.45011
0.438378
0.461731
0.443109
0.43855
0.443359
0.448467
0.456743
0.442026
0.447313
0.429301
0.452886
0.43783
0.452629
0.444677
0.438435
0.43814
0.437689
0.431593
0.447167
0.445689
0.458475
0.444287
0.435993
0.452606
0.444656
0.442
0.442763
0.437441
0.452873
0.44739
0.448084
0.447512
0.446107
0.453193
0.452156
0.448863
0.432899
0.443745
0.448432
0.437896
0.460767
0.431916
0.453779
0.447225
0.445941
0.435098
0.462143
0.453289
0.44067
0.445689
0.437608
0.450789
0.444682
0.448985
0.452352
